4.248918151363554001e+08
4.248918151363554001e+08
4.248918151363554001e+08
4.248918151363554001e+08
4.248918151363554001e+08
4.248918151363554001e+08
4.248918151363554001e+08
4.248918151363554001e+08
4.248918151363554001e+08
4.248918151363554001e+08
4.248918151363554001e+08
4.248918151363554001e+08
4.248918151363554001e+08
4.248918151363554001e+08
4.248918151363554001e+08
4.248918151363554001e+08
4.248918151363554001e+08
4.248918151363554001e+08
4.248918151363554001e+08
4.248918151363554001e+08
4.248918151363554001e+08
4.248918151363554001e+08
4.248918151363554001e+08
4.248918151363554001e+08
4.248918151363554001e+08
4.248918151363554001e+08
4.248918151363554001e+08
4.248918151363554001e+08
4.248918151363554001e+08
4.248918151363554001e+08
4.248918151363554001e+08
4.248918151363554001e+08
4.248918151363554001e+08
4.248918151363554001e+08
4.248918151363554001e+08
4.248918151363554001e+08
4.248918151363554001e+08
4.248918151363554001e+08
4.248918151363554001e+08
4.248918151363554001e+08
4.248918151363554001e+08
4.248918151363554001e+08
4.248918151363554001e+08
4.248918151363554001e+08
4.248918151363554001e+08
4.248918151363554001e+08
4.248918151363554001e+08
4.248918151363554001e+08
4.248918151363554001e+08
4.248918151363554001e+08
4.248918151363554001e+08
4.248918151363554001e+08
4.248918151363554001e+08
4.248918151363554001e+08
4.248918151363554001e+08
4.248918151363554001e+08
4.248918151363554001e+08
4.248918151363554001e+08
4.248918151363554001e+08
4.248918151363554001e+08
4.248918151363554001e+08
4.248918151363554001e+08
4.248918151363554001e+08
4.248918151363554001e+08
4.248918151363554001e+08
4.248918151363554001e+08
4.248918151363554001e+08
4.248918151363554001e+08
4.248918151363554001e+08
4.248918151363554001e+08
4.248918151363554001e+08
4.248918151363554001e+08
8.915875941961713135e+07
1.120643400985777825e+08
2.023862482780649364e+08
1.841776175706240237e+08
3.801316775741863251e+08
8.866229749511716366e+08
1.240116397747812986e+09
1.271441762139196157e+09
1.271441762139196157e+09
1.271441762139196157e+09
1.271441762139196157e+09
1.271441762139196157e+09
1.271441762139196157e+09
1.271441762139196157e+09
1.271441762139196157e+09
1.271441762139196157e+09
1.271441762139196157e+09
1.271441762139196157e+09
1.271441762139196157e+09
1.271441762139196157e+09
1.222776403286933184e+09
9.967896034864958525e+08
8.667500803612592220e+08
6.042740512658588886e+08
4.501716757027627230e+08
8.919485502577223778e+08
8.161511076770476103e+08
7.532143451557943821e+08
9.654642390951131582e+08
1.106428378856337309e+09
1.271441762139196157e+09
1.271441762139196157e+09
1.271441762139196157e+09
1.271441762139196157e+09
1.271441762139196157e+09
1.271441762139196157e+09
1.271441762139196157e+09
1.271441762139196157e+09
1.271441762139196157e+09
1.271441762139196157e+09
1.271441762139196157e+09
1.271441762139196157e+09
1.271441762139196157e+09
1.271441762139196157e+09
1.271441762139196157e+09
1.271441762139196157e+09
1.271441762139196157e+09
1.271441762139196157e+09
1.271441762139196157e+09
1.271441762139196157e+09
1.271441762139196157e+09
1.271441762139196157e+09
1.271441762139196157e+09
1.271441762139196157e+09
1.271441762139196157e+09
1.271441762139196157e+09
1.271441762139196157e+09
1.271441762139196157e+09
1.271441762139196157e+09
1.271441762139196157e+09
1.271441762139196157e+09
1.271441762139196157e+09
1.271441762139196157e+09
1.271441762139196157e+09
1.271441762139196157e+09
1.271441762139196157e+09
1.271441762139196157e+09
1.238439085482625008e+09
7.095902093732668161e+08
3.870151964272170663e+08
2.610371192159099579e+08
1.770192702086418569e+08
0.000000000000000000e+00
0.000000000000000000e+00
0.000000000000000000e+00
2.354337724529959559e+08
3.464459116550034285e+08
7.573045094674379826e+08
1.171346054525741100e+09
1.836247229345859528e+09
2.108315269614623547e+09
2.108315269614623547e+09
2.108315269614623547e+09
2.108315269614623547e+09
2.108315269614623547e+09
2.108315269614623547e+09
1.984273781718523026e+09
2.033890376876963854e+09
2.033890376876963854e+09
2.108315269614623547e+09
2.108315269614623547e+09
1.938900500184122801e+09
1.466077029342380524e+09
8.790892828468965292e+08
7.226536089405541420e+08
4.961659515843972564e+07
0.000000000000000000e+00
7.186180443696925044e+07
7.048059874871773720e+08
1.817397373719987571e+08
1.322289929857565612e+08
7.969814055126520395e+08
1.371692989402553797e+09
1.812262164869296551e+09
2.033890376876963615e+09
2.108315269614623547e+09
2.108315269614623547e+09
2.108315269614623547e+09
2.108315269614623547e+09
2.108315269614623547e+09
2.108315269614623547e+09
2.108315269614623547e+09
2.108315269614623547e+09
2.108315269614623547e+09
2.108315269614623547e+09
2.108315269614623547e+09
2.108315269614623547e+09
2.108315269614623547e+09
2.108315269614623547e+09
2.108315269614623547e+09
2.108315269614623547e+09
2.108315269614623547e+09
2.108315269614623547e+09
2.108315269614623547e+09
2.108315269614623547e+09
2.108315269614623547e+09
2.108315269614623547e+09
2.108315269614623547e+09
2.108315269614623547e+09
2.108315269614623547e+09
2.108315269614623547e+09
2.108315269614623547e+09
2.108315269614623547e+09
2.108315269614623547e+09
2.108315269614623547e+09
2.108315269614623547e+09
2.108315269614623547e+09
2.108315269614623547e+09
2.108315269614623547e+09
2.108315269614623547e+09
1.070894614335297346e+09
1.017074305264979303e+08
0.000000000000000000e+00
0.000000000000000000e+00
0.000000000000000000e+00
0.000000000000000000e+00
0.000000000000000000e+00
0.000000000000000000e+00
0.000000000000000000e+00
0.000000000000000000e+00
0.000000000000000000e+00
0.000000000000000000e+00
5.125928286793648452e+07
2.562964143396758661e+07
1.810442599581169188e+08
3.702763979105456471e+08
2.562964143396785557e+08
2.347637331973148286e+08
0.000000000000000000e+00
4.427701476443236470e+08
1.227669556964817047e+09
1.018917727882069349e+09
9.908360151085287333e+08
7.669997528705902100e+08
8.817594295010987520e+08
1.500885912631305456e+09
2.441777712912480354e+09
2.109099138364211559e+09
0.000000000000000000e+00
0.000000000000000000e+00
0.000000000000000000e+00
0.000000000000000000e+00
0.000000000000000000e+00
0.000000000000000000e+00
0.000000000000000000e+00
5.371544484659917653e+07
2.644740968595082164e+08
1.488514164107704878e+09
2.154149990753301620e+09
2.029670323054983854e+09
2.345286551071146488e+09
2.632805168499436855e+09
2.600680262565247536e+09
2.601481807336978436e+09
2.439254188122570038e+09
2.472982183600217342e+09
2.863290323440872669e+09
2.929143224852711201e+09
2.929143224852711201e+09
2.929143224852711201e+09
2.929143224852711201e+09
2.929143224852711201e+09
2.929143224852711201e+09
2.249030907256821156e+09
2.481019526787069798e+09
2.929143224852711201e+09
2.929143224852711201e+09
2.929143224852711201e+09
2.929143224852711201e+09
2.929143224852711201e+09
2.929143224852711201e+09
2.929143224852711201e+09
2.929143224852711201e+09
2.929143224852711201e+09
2.929143224852711201e+09
2.929143224852711201e+09
2.929143224852711201e+09
2.929143224852711201e+09
2.929143224852711201e+09
2.929143224852711201e+09
2.929143224852711201e+09
2.929143224852711201e+09
2.531088147535295486e+09
1.405758221270584106e+09
6.102907661977855116e+07
0.000000000000000000e+00
0.000000000000000000e+00
0.000000000000000000e+00
0.000000000000000000e+00
0.000000000000000000e+00
0.000000000000000000e+00
0.000000000000000000e+00
0.000000000000000000e+00
0.000000000000000000e+00
0.000000000000000000e+00
0.000000000000000000e+00
0.000000000000000000e+00
0.000000000000000000e+00
0.000000000000000000e+00
0.000000000000000000e+00
0.000000000000000000e+00
0.000000000000000000e+00
0.000000000000000000e+00
0.000000000000000000e+00
0.000000000000000000e+00
0.000000000000000000e+00
3.372548800094328076e+07
2.729897798817116618e+08
1.300376883186343431e+09
1.122850001282119274e+09
0.000000000000000000e+00
0.000000000000000000e+00
0.000000000000000000e+00
0.000000000000000000e+00
0.000000000000000000e+00
0.000000000000000000e+00
0.000000000000000000e+00
0.000000000000000000e+00
0.000000000000000000e+00
0.000000000000000000e+00
0.000000000000000000e+00
0.000000000000000000e+00
0.000000000000000000e+00
0.000000000000000000e+00
0.000000000000000000e+00
3.372548800094366819e+07
0.000000000000000000e+00
0.000000000000000000e+00
3.781433307658848763e+08
2.368748849751464128e+08
1.180851359873065233e+09
1.879480918355004787e+09
2.802585352026617050e+09
2.260980784875310898e+09
1.765655378181915045e+09
1.333203861214143753e+09
0.000000000000000000e+00
6.904127286749073267e+08
1.730331212093469381e+09
2.142464773437919617e+09
2.488637723534917355e+09
2.527101384656805992e+09
2.841049013148509979e+09
2.450953854852602959e+09
2.726443680535847664e+09
2.067885615983006954e+09
2.258638478399871349e+09
2.334783079047362328e+09
2.801805559587047577e+09
2.605588291779732227e+09
2.144815807776213408e+09
1.290746254459516048e+09
9.296850284056921005e+08
5.789085787958271503e+08
3.846366112188826501e+07
0.000000000000000000e+00
0.000000000000000000e+00
0.000000000000000000e+00
0.000000000000000000e+00
0.000000000000000000e+00
0.000000000000000000e+00
0.000000000000000000e+00
0.000000000000000000e+00
0.000000000000000000e+00
0.000000000000000000e+00
0.000000000000000000e+00
0.000000000000000000e+00
0.000000000000000000e+00
0.000000000000000000e+00
0.000000000000000000e+00
0.000000000000000000e+00
0.000000000000000000e+00
0.000000000000000000e+00
0.000000000000000000e+00
0.000000000000000000e+00
0.000000000000000000e+00
0.000000000000000000e+00
0.000000000000000000e+00
0.000000000000000000e+00
0.000000000000000000e+00
0.000000000000000000e+00
4.194808299902763963e+08
4.317152128914932609e+08
0.000000000000000000e+00
0.000000000000000000e+00
0.000000000000000000e+00
0.000000000000000000e+00
0.000000000000000000e+00
0.000000000000000000e+00
0.000000000000000000e+00
0.000000000000000000e+00
0.000000000000000000e+00
0.000000000000000000e+00
0.000000000000000000e+00
0.000000000000000000e+00
0.000000000000000000e+00
0.000000000000000000e+00
0.000000000000000000e+00
0.000000000000000000e+00
0.000000000000000000e+00
0.000000000000000000e+00
0.000000000000000000e+00
0.000000000000000000e+00
0.000000000000000000e+00
0.000000000000000000e+00
0.000000000000000000e+00
0.000000000000000000e+00
0.000000000000000000e+00
0.000000000000000000e+00
0.000000000000000000e+00
0.000000000000000000e+00
0.000000000000000000e+00
0.000000000000000000e+00
0.000000000000000000e+00
0.000000000000000000e+00
0.000000000000000000e+00
0.000000000000000000e+00
0.000000000000000000e+00
0.000000000000000000e+00
0.000000000000000000e+00
0.000000000000000000e+00
0.000000000000000000e+00
0.000000000000000000e+00
0.000000000000000000e+00
0.000000000000000000e+00
0.000000000000000000e+00
0.000000000000000000e+00
0.000000000000000000e+00
0.000000000000000000e+00
0.000000000000000000e+00
0.000000000000000000e+00
0.000000000000000000e+00
0.000000000000000000e+00
0.000000000000000000e+00
0.000000000000000000e+00
0.000000000000000000e+00
0.000000000000000000e+00
0.000000000000000000e+00
0.000000000000000000e+00
0.000000000000000000e+00
0.000000000000000000e+00
0.000000000000000000e+00
0.000000000000000000e+00
0.000000000000000000e+00
0.000000000000000000e+00
0.000000000000000000e+00
0.000000000000000000e+00
0.000000000000000000e+00
0.000000000000000000e+00
0.000000000000000000e+00
0.000000000000000000e+00
0.000000000000000000e+00
1.666206728426088691e+08
0.000000000000000000e+00
0.000000000000000000e+00
0.000000000000000000e+00
0.000000000000000000e+00
0.000000000000000000e+00
0.000000000000000000e+00
0.000000000000000000e+00
0.000000000000000000e+00
0.000000000000000000e+00
0.000000000000000000e+00
0.000000000000000000e+00
0.000000000000000000e+00
0.000000000000000000e+00
0.000000000000000000e+00
0.000000000000000000e+00
0.000000000000000000e+00
0.000000000000000000e+00
0.000000000000000000e+00
0.000000000000000000e+00
0.000000000000000000e+00
0.000000000000000000e+00
0.000000000000000000e+00
0.000000000000000000e+00
0.000000000000000000e+00
0.000000000000000000e+00
0.000000000000000000e+00
0.000000000000000000e+00
0.000000000000000000e+00
0.000000000000000000e+00
0.000000000000000000e+00
0.000000000000000000e+00
0.000000000000000000e+00
0.000000000000000000e+00
0.000000000000000000e+00
0.000000000000000000e+00
0.000000000000000000e+00
0.000000000000000000e+00
0.000000000000000000e+00
0.000000000000000000e+00
0.000000000000000000e+00
0.000000000000000000e+00
0.000000000000000000e+00
0.000000000000000000e+00
0.000000000000000000e+00
0.000000000000000000e+00
0.000000000000000000e+00
0.000000000000000000e+00
0.000000000000000000e+00
0.000000000000000000e+00
0.000000000000000000e+00
0.000000000000000000e+00
0.000000000000000000e+00
0.000000000000000000e+00
0.000000000000000000e+00
0.000000000000000000e+00
0.000000000000000000e+00
0.000000000000000000e+00
0.000000000000000000e+00
0.000000000000000000e+00
0.000000000000000000e+00
0.000000000000000000e+00
0.000000000000000000e+00
0.000000000000000000e+00
0.000000000000000000e+00
0.000000000000000000e+00
0.000000000000000000e+00
0.000000000000000000e+00
0.000000000000000000e+00
0.000000000000000000e+00
6.230664437841709703e+07
3.617386967933292389e+09
2.102857997400161505e+09
5.623676378666568547e+07
2.412969269437780976e+08
0.000000000000000000e+00
0.000000000000000000e+00
0.000000000000000000e+00
1.131657844318381697e+08
0.000000000000000000e+00
0.000000000000000000e+00
0.000000000000000000e+00
0.000000000000000000e+00
0.000000000000000000e+00
0.000000000000000000e+00
0.000000000000000000e+00
0.000000000000000000e+00
0.000000000000000000e+00
0.000000000000000000e+00
0.000000000000000000e+00
0.000000000000000000e+00
0.000000000000000000e+00
0.000000000000000000e+00
0.000000000000000000e+00
0.000000000000000000e+00
0.000000000000000000e+00
0.000000000000000000e+00
0.000000000000000000e+00
0.000000000000000000e+00
0.000000000000000000e+00
0.000000000000000000e+00
0.000000000000000000e+00
0.000000000000000000e+00
0.000000000000000000e+00
0.000000000000000000e+00
0.000000000000000000e+00
0.000000000000000000e+00
0.000000000000000000e+00
0.000000000000000000e+00
0.000000000000000000e+00
0.000000000000000000e+00
0.000000000000000000e+00
0.000000000000000000e+00
0.000000000000000000e+00
0.000000000000000000e+00
0.000000000000000000e+00
0.000000000000000000e+00
0.000000000000000000e+00
0.000000000000000000e+00
0.000000000000000000e+00
0.000000000000000000e+00
0.000000000000000000e+00
0.000000000000000000e+00
0.000000000000000000e+00
0.000000000000000000e+00
0.000000000000000000e+00
0.000000000000000000e+00
0.000000000000000000e+00
0.000000000000000000e+00
0.000000000000000000e+00
0.000000000000000000e+00
0.000000000000000000e+00
0.000000000000000000e+00
0.000000000000000000e+00
0.000000000000000000e+00
0.000000000000000000e+00
0.000000000000000000e+00
0.000000000000000000e+00
0.000000000000000000e+00
0.000000000000000000e+00
0.000000000000000000e+00
0.000000000000000000e+00
6.295802554940752685e+07
5.975124511738198280e+09
3.951815174899734974e+09
0.000000000000000000e+00
0.000000000000000000e+00
0.000000000000000000e+00
0.000000000000000000e+00
0.000000000000000000e+00
0.000000000000000000e+00
0.000000000000000000e+00
0.000000000000000000e+00
0.000000000000000000e+00
0.000000000000000000e+00
0.000000000000000000e+00
0.000000000000000000e+00
0.000000000000000000e+00
0.000000000000000000e+00
0.000000000000000000e+00
0.000000000000000000e+00
0.000000000000000000e+00
0.000000000000000000e+00
0.000000000000000000e+00
0.000000000000000000e+00
0.000000000000000000e+00
0.000000000000000000e+00
0.000000000000000000e+00
0.000000000000000000e+00
0.000000000000000000e+00
0.000000000000000000e+00
6.360461222300268710e+07
6.360461222300252318e+07
0.000000000000000000e+00
0.000000000000000000e+00
0.000000000000000000e+00
0.000000000000000000e+00
0.000000000000000000e+00
0.000000000000000000e+00
0.000000000000000000e+00
0.000000000000000000e+00
0.000000000000000000e+00
0.000000000000000000e+00
0.000000000000000000e+00
0.000000000000000000e+00
0.000000000000000000e+00
0.000000000000000000e+00
0.000000000000000000e+00
0.000000000000000000e+00
0.000000000000000000e+00
0.000000000000000000e+00
1.156451124490334511e+09
2.051901303694411516e+08
0.000000000000000000e+00
7.038681462412621081e+07
0.000000000000000000e+00
0.000000000000000000e+00
0.000000000000000000e+00
0.000000000000000000e+00
0.000000000000000000e+00
0.000000000000000000e+00
0.000000000000000000e+00
0.000000000000000000e+00
0.000000000000000000e+00
0.000000000000000000e+00
0.000000000000000000e+00
0.000000000000000000e+00
0.000000000000000000e+00
0.000000000000000000e+00
0.000000000000000000e+00
0.000000000000000000e+00
0.000000000000000000e+00
0.000000000000000000e+00
0.000000000000000000e+00
0.000000000000000000e+00
5.101587658660315514e+09
6.972357070062608719e+09
1.028860646682271242e+09
0.000000000000000000e+00
0.000000000000000000e+00
0.000000000000000000e+00
0.000000000000000000e+00
0.000000000000000000e+00
0.000000000000000000e+00
0.000000000000000000e+00
0.000000000000000000e+00
0.000000000000000000e+00
0.000000000000000000e+00
0.000000000000000000e+00
0.000000000000000000e+00
0.000000000000000000e+00
0.000000000000000000e+00
0.000000000000000000e+00
0.000000000000000000e+00
0.000000000000000000e+00
0.000000000000000000e+00
0.000000000000000000e+00
0.000000000000000000e+00
0.000000000000000000e+00
0.000000000000000000e+00
0.000000000000000000e+00
0.000000000000000000e+00
0.000000000000000000e+00
0.000000000000000000e+00
0.000000000000000000e+00
0.000000000000000000e+00
0.000000000000000000e+00
0.000000000000000000e+00
0.000000000000000000e+00
0.000000000000000000e+00
0.000000000000000000e+00
0.000000000000000000e+00
0.000000000000000000e+00
0.000000000000000000e+00
0.000000000000000000e+00
0.000000000000000000e+00
0.000000000000000000e+00
0.000000000000000000e+00
1.470757137090416849e+08
1.882018023879986525e+09
0.000000000000000000e+00
0.000000000000000000e+00
0.000000000000000000e+00
7.659588600465631485e+08
2.645830651075418472e+09
5.910752836512407064e+08
0.000000000000000000e+00
0.000000000000000000e+00
0.000000000000000000e+00
0.000000000000000000e+00
0.000000000000000000e+00
0.000000000000000000e+00
0.000000000000000000e+00
0.000000000000000000e+00
0.000000000000000000e+00
0.000000000000000000e+00
0.000000000000000000e+00
0.000000000000000000e+00
0.000000000000000000e+00
0.000000000000000000e+00
0.000000000000000000e+00
0.000000000000000000e+00
0.000000000000000000e+00
0.000000000000000000e+00
0.000000000000000000e+00
0.000000000000000000e+00
0.000000000000000000e+00
4.860164360057011604e+09
7.727970546159411430e+09
7.051025829717785835e+09
3.043926961672820091e+09
0.000000000000000000e+00
0.000000000000000000e+00
0.000000000000000000e+00
0.000000000000000000e+00
0.000000000000000000e+00
0.000000000000000000e+00
0.000000000000000000e+00
0.000000000000000000e+00
0.000000000000000000e+00
0.000000000000000000e+00
0.000000000000000000e+00
0.000000000000000000e+00
0.000000000000000000e+00
0.000000000000000000e+00
0.000000000000000000e+00
0.000000000000000000e+00
0.000000000000000000e+00
0.000000000000000000e+00
0.000000000000000000e+00
0.000000000000000000e+00
0.000000000000000000e+00
0.000000000000000000e+00
0.000000000000000000e+00
0.000000000000000000e+00
0.000000000000000000e+00
0.000000000000000000e+00
0.000000000000000000e+00
0.000000000000000000e+00
0.000000000000000000e+00
0.000000000000000000e+00
0.000000000000000000e+00
0.000000000000000000e+00
0.000000000000000000e+00
0.000000000000000000e+00
0.000000000000000000e+00
0.000000000000000000e+00
0.000000000000000000e+00
0.000000000000000000e+00
6.336167276700700521e+08
5.081205916200413704e+09
5.004684993039366722e+09
7.957318024783416092e+07
0.000000000000000000e+00
0.000000000000000000e+00
0.000000000000000000e+00
9.298616677083508968e+08
2.211504344618161678e+09
0.000000000000000000e+00
0.000000000000000000e+00
0.000000000000000000e+00
0.000000000000000000e+00
0.000000000000000000e+00
0.000000000000000000e+00
0.000000000000000000e+00
0.000000000000000000e+00
0.000000000000000000e+00
0.000000000000000000e+00
0.000000000000000000e+00
0.000000000000000000e+00
0.000000000000000000e+00
0.000000000000000000e+00
0.000000000000000000e+00
0.000000000000000000e+00
0.000000000000000000e+00
0.000000000000000000e+00
0.000000000000000000e+00
0.000000000000000000e+00
0.000000000000000000e+00
2.706237373295043945e+09
8.215386412480685234e+09
8.215386412480685234e+09
7.894661177373941422e+09
4.300365497561811447e+09
0.000000000000000000e+00
0.000000000000000000e+00
0.000000000000000000e+00
0.000000000000000000e+00
0.000000000000000000e+00
0.000000000000000000e+00
0.000000000000000000e+00
0.000000000000000000e+00
0.000000000000000000e+00
0.000000000000000000e+00
0.000000000000000000e+00
0.000000000000000000e+00
0.000000000000000000e+00
2.889373355529972553e+09
6.931522221523849487e+09
4.978296822193572998e+09
2.520836427041845322e+08
0.000000000000000000e+00
0.000000000000000000e+00
0.000000000000000000e+00
0.000000000000000000e+00
0.000000000000000000e+00
0.000000000000000000e+00
0.000000000000000000e+00
0.000000000000000000e+00
0.000000000000000000e+00
0.000000000000000000e+00
0.000000000000000000e+00
0.000000000000000000e+00
0.000000000000000000e+00
0.000000000000000000e+00
0.000000000000000000e+00
0.000000000000000000e+00
7.322534086269244194e+09
6.203323370189824104e+09
3.587041402384168625e+09
3.501899127740066051e+09
7.410948956468521118e+09
8.215386412480685234e+09
8.215386412480685234e+09
3.552993797573194027e+09
0.000000000000000000e+00
0.000000000000000000e+00
0.000000000000000000e+00
0.000000000000000000e+00
0.000000000000000000e+00
0.000000000000000000e+00
0.000000000000000000e+00
0.000000000000000000e+00
0.000000000000000000e+00
0.000000000000000000e+00
0.000000000000000000e+00
0.000000000000000000e+00
0.000000000000000000e+00
0.000000000000000000e+00
0.000000000000000000e+00
0.000000000000000000e+00
0.000000000000000000e+00
0.000000000000000000e+00
0.000000000000000000e+00
0.000000000000000000e+00
0.000000000000000000e+00
0.000000000000000000e+00
0.000000000000000000e+00
0.000000000000000000e+00
0.000000000000000000e+00
0.000000000000000000e+00
1.719811816896261215e+09
8.640278227617034912e+09
8.640278227617034912e+09
8.640278227617034912e+09
8.640278227617034912e+09
2.170963396678977489e+09
0.000000000000000000e+00
0.000000000000000000e+00
0.000000000000000000e+00
0.000000000000000000e+00
0.000000000000000000e+00
0.000000000000000000e+00
0.000000000000000000e+00
0.000000000000000000e+00
0.000000000000000000e+00
0.000000000000000000e+00
0.000000000000000000e+00
0.000000000000000000e+00
7.361019230737766266e+09
8.640278227617034912e+09
8.640278227617034912e+09
4.335940119010664940e+09
0.000000000000000000e+00
8.812969638934518397e+07
1.762593927786903679e+08
0.000000000000000000e+00
0.000000000000000000e+00
0.000000000000000000e+00
0.000000000000000000e+00
0.000000000000000000e+00
0.000000000000000000e+00
0.000000000000000000e+00
0.000000000000000000e+00
0.000000000000000000e+00
0.000000000000000000e+00
0.000000000000000000e+00
0.000000000000000000e+00
1.391971513192099571e+09
8.640278227617034912e+09
8.640278227617034912e+09
8.640278227617034912e+09
8.640278227617034912e+09
8.640278227617034912e+09
8.640278227617034912e+09
8.640278227617034912e+09
5.611273682523625374e+09
0.000000000000000000e+00
0.000000000000000000e+00
0.000000000000000000e+00
0.000000000000000000e+00
0.000000000000000000e+00
0.000000000000000000e+00
0.000000000000000000e+00
0.000000000000000000e+00
0.000000000000000000e+00
0.000000000000000000e+00
0.000000000000000000e+00
0.000000000000000000e+00
0.000000000000000000e+00
0.000000000000000000e+00
0.000000000000000000e+00
0.000000000000000000e+00
0.000000000000000000e+00
0.000000000000000000e+00
0.000000000000000000e+00
0.000000000000000000e+00
0.000000000000000000e+00
0.000000000000000000e+00
0.000000000000000000e+00
0.000000000000000000e+00
0.000000000000000000e+00
0.000000000000000000e+00
4.459037035604640841e+08
8.999412308298593521e+09
8.999412308298593521e+09
8.999412308298593521e+09
8.999412308298593521e+09
8.112412785940994263e+09
4.353331702823399544e+09
0.000000000000000000e+00
0.000000000000000000e+00
0.000000000000000000e+00
0.000000000000000000e+00
0.000000000000000000e+00
0.000000000000000000e+00
0.000000000000000000e+00
0.000000000000000000e+00
0.000000000000000000e+00
0.000000000000000000e+00
1.628561953825389624e+09
8.999412308298593521e+09
8.999412308298593521e+09
8.999412308298593521e+09
8.907995372914333344e+09
5.381016701982443333e+08
2.337381617692031860e+09
5.228463971263639450e+09
0.000000000000000000e+00
1.822313566025853753e+08
0.000000000000000000e+00
0.000000000000000000e+00
0.000000000000000000e+00
0.000000000000000000e+00
0.000000000000000000e+00
0.000000000000000000e+00
0.000000000000000000e+00
0.000000000000000000e+00
0.000000000000000000e+00
0.000000000000000000e+00
1.338368758794136047e+09
7.813090539270153999e+09
8.999412308298593521e+09
8.999412308298593521e+09
8.999412308298593521e+09
8.999412308298593521e+09
8.999412308298593521e+09
8.180607341203106880e+09
1.512634518876680136e+09
0.000000000000000000e+00
9.111914783923615515e+07
4.531233706127773523e+08
0.000000000000000000e+00
0.000000000000000000e+00
0.000000000000000000e+00
0.000000000000000000e+00
0.000000000000000000e+00
0.000000000000000000e+00
0.000000000000000000e+00
0.000000000000000000e+00
9.280101184330953658e+07
0.000000000000000000e+00
0.000000000000000000e+00
0.000000000000000000e+00
0.000000000000000000e+00
0.000000000000000000e+00
0.000000000000000000e+00
0.000000000000000000e+00
0.000000000000000000e+00
0.000000000000000000e+00
0.000000000000000000e+00
0.000000000000000000e+00
0.000000000000000000e+00
0.000000000000000000e+00
0.000000000000000000e+00
3.647039906224383354e+09
9.290055427320274353e+09
9.290055427320274353e+09
9.290055427320274353e+09
9.290055427320274353e+09
9.290055427320274353e+09
9.290055427320274353e+09
1.397797271392263651e+09
0.000000000000000000e+00
0.000000000000000000e+00
0.000000000000000000e+00
0.000000000000000000e+00
0.000000000000000000e+00
0.000000000000000000e+00
0.000000000000000000e+00
0.000000000000000000e+00
0.000000000000000000e+00
5.392215410693943024e+09
9.290055427320274353e+09
9.290055427320274353e+09
9.290055427320274353e+09
9.198347666144556046e+09
5.321606600120363235e+09
1.299669950545351028e+09
7.615259995125063896e+09
1.877896350747081339e+08
0.000000000000000000e+00
0.000000000000000000e+00
0.000000000000000000e+00
0.000000000000000000e+00
0.000000000000000000e+00
0.000000000000000000e+00
0.000000000000000000e+00
0.000000000000000000e+00
0.000000000000000000e+00
0.000000000000000000e+00
0.000000000000000000e+00
0.000000000000000000e+00
0.000000000000000000e+00
4.439662060660410881e+09
9.196046991018430710e+09
9.290055427320274353e+09
6.947756085172411919e+09
8.073322016817758560e+09
2.127282493100758553e+09
0.000000000000000000e+00
0.000000000000000000e+00
0.000000000000000000e+00
2.808605719040191174e+08
0.000000000000000000e+00
3.724541592887917161e+08
0.000000000000000000e+00
9.464712775760228932e+07
0.000000000000000000e+00
0.000000000000000000e+00
0.000000000000000000e+00
0.000000000000000000e+00
0.000000000000000000e+00
0.000000000000000000e+00
0.000000000000000000e+00
0.000000000000000000e+00
0.000000000000000000e+00
0.000000000000000000e+00
0.000000000000000000e+00
0.000000000000000000e+00
0.000000000000000000e+00
0.000000000000000000e+00
0.000000000000000000e+00
0.000000000000000000e+00
0.000000000000000000e+00
0.000000000000000000e+00
3.526276844357492447e+09
9.509995615051214218e+09
9.509995615051214218e+09
9.509995615051214218e+09
9.509995615051214218e+09
9.509995615051214218e+09
9.509995615051214218e+09
9.509995615051214218e+09
3.909202090419814587e+09
0.000000000000000000e+00
0.000000000000000000e+00
0.000000000000000000e+00
0.000000000000000000e+00
0.000000000000000000e+00
0.000000000000000000e+00
0.000000000000000000e+00
0.000000000000000000e+00
0.000000000000000000e+00
3.607624476420561314e+09
9.509995615051214218e+09
9.509995615051214218e+09
9.509995615051214218e+09
9.509995615051214218e+09
9.509995615051214218e+09
1.044741343770667076e+09
1.607445877912663937e+09
0.000000000000000000e+00
0.000000000000000000e+00
0.000000000000000000e+00
0.000000000000000000e+00
0.000000000000000000e+00
0.000000000000000000e+00
0.000000000000000000e+00
0.000000000000000000e+00
0.000000000000000000e+00
0.000000000000000000e+00
0.000000000000000000e+00
0.000000000000000000e+00
0.000000000000000000e+00
0.000000000000000000e+00
1.916139944125166237e+08
1.037365272194230795e+09
5.876231280304424286e+09
1.421959000293578863e+09
2.748039922021055698e+09
1.917689525106563568e+08
1.917689525106514692e+08
0.000000000000000000e+00
9.572951815719188750e+07
0.000000000000000000e+00
0.000000000000000000e+00
0.000000000000000000e+00
0.000000000000000000e+00
0.000000000000000000e+00
0.000000000000000000e+00
0.000000000000000000e+00
0.000000000000000000e+00
0.000000000000000000e+00
0.000000000000000000e+00
0.000000000000000000e+00
0.000000000000000000e+00
0.000000000000000000e+00
0.000000000000000000e+00
0.000000000000000000e+00
0.000000000000000000e+00
0.000000000000000000e+00
0.000000000000000000e+00
0.000000000000000000e+00
0.000000000000000000e+00
0.000000000000000000e+00
0.000000000000000000e+00
5.816809025059341192e+08
8.502261793868142128e+09
9.657558993859254837e+09
9.657558993859254837e+09
9.657558993859254837e+09
9.657558993859254837e+09
9.657558993859254837e+09
9.657558993859254837e+09
9.657558993859254837e+09
9.272291476367948532e+09
0.000000000000000000e+00
0.000000000000000000e+00
0.000000000000000000e+00
0.000000000000000000e+00
0.000000000000000000e+00
0.000000000000000000e+00
0.000000000000000000e+00
0.000000000000000000e+00
0.000000000000000000e+00
4.251871567819810390e+09
9.657558993859254837e+09
9.657558993859254837e+09
9.657558993859254837e+09
9.657558993859254837e+09
8.594853816368051529e+09
0.000000000000000000e+00
0.000000000000000000e+00
0.000000000000000000e+00
0.000000000000000000e+00
0.000000000000000000e+00
0.000000000000000000e+00
0.000000000000000000e+00
0.000000000000000000e+00
0.000000000000000000e+00
0.000000000000000000e+00
0.000000000000000000e+00
0.000000000000000000e+00
1.940615548957518637e+08
2.128759844362906933e+09
2.317225940071069241e+09
7.710215604923247099e+08
1.541481729103436232e+09
5.779439730211900473e+08
4.840726095121562481e+08
2.225873099579929829e+09
6.964070836425728798e+09
4.249163043239081860e+09
7.748915383014008999e+08
6.762464417330394983e+08
3.845422343271611333e+08
0.000000000000000000e+00
0.000000000000000000e+00
0.000000000000000000e+00
0.000000000000000000e+00
0.000000000000000000e+00
0.000000000000000000e+00
0.000000000000000000e+00
0.000000000000000000e+00
0.000000000000000000e+00
0.000000000000000000e+00
0.000000000000000000e+00
0.000000000000000000e+00
0.000000000000000000e+00
0.000000000000000000e+00
0.000000000000000000e+00
0.000000000000000000e+00
0.000000000000000000e+00
0.000000000000000000e+00
0.000000000000000000e+00
0.000000000000000000e+00
2.923084271779363155e+08
0.000000000000000000e+00
1.459339261249729156e+09
9.731622517330476761e+09
9.731622517330476761e+09
9.731622517330476761e+09
9.731622517330476761e+09
9.731622517330476761e+09
9.536745285659952164e+09
8.172753066002539635e+09
4.569297536725893021e+09
1.263186430375635386e+09
0.000000000000000000e+00
0.000000000000000000e+00
0.000000000000000000e+00
0.000000000000000000e+00
0.000000000000000000e+00
0.000000000000000000e+00
0.000000000000000000e+00
0.000000000000000000e+00
6.818922354101184607e+08
8.759943495004602432e+09
9.731622517330476761e+09
9.731622517330476761e+09
9.731622517330476761e+09
9.731622517330476761e+09
9.440241139607109070e+09
1.753494415019608498e+09
0.000000000000000000e+00
0.000000000000000000e+00
0.000000000000000000e+00
0.000000000000000000e+00
0.000000000000000000e+00
0.000000000000000000e+00
0.000000000000000000e+00
0.000000000000000000e+00
0.000000000000000000e+00
0.000000000000000000e+00
1.947807764496248364e+08
6.424316961980314255e+09
1.556592319754669666e+09
6.427365212165444374e+09
3.894436348307281971e+09
3.016457948025885582e+09
9.733772627198855877e+08
3.115357595559463978e+09
5.349117628495119095e+09
3.499008379400793076e+09
9.710488752109512687e+07
4.858358089075266719e+08
0.000000000000000000e+00
0.000000000000000000e+00
0.000000000000000000e+00
0.000000000000000000e+00
0.000000000000000000e+00
0.000000000000000000e+00
0.000000000000000000e+00
0.000000000000000000e+00
0.000000000000000000e+00
9.739409669358231127e+07
0.000000000000000000e+00
0.000000000000000000e+00
0.000000000000000000e+00
0.000000000000000000e+00
0.000000000000000000e+00
0.000000000000000000e+00
0.000000000000000000e+00
0.000000000000000000e+00
0.000000000000000000e+00
0.000000000000000000e+00
0.000000000000000000e+00
0.000000000000000000e+00
0.000000000000000000e+00
0.000000000000000000e+00
0.000000000000000000e+00
6.619416926622373581e+09
9.731622517330476761e+09
9.731622517330476761e+09
9.731622517330476761e+09
9.731622517330476761e+09
8.175771772737297058e+09
9.743861583526176214e+07
0.000000000000000000e+00
0.000000000000000000e+00
0.000000000000000000e+00
0.000000000000000000e+00
0.000000000000000000e+00
0.000000000000000000e+00
0.000000000000000000e+00
3.884195500843846202e+08
0.000000000000000000e+00
0.000000000000000000e+00
1.652429292200278282e+09
9.731622517330476761e+09
9.731622517330476761e+09
9.731622517330476761e+09
9.731622517330476761e+09
9.731622517330476761e+09
9.731622517330476761e+09
8.854741756633550644e+09
2.430291257579070568e+09
0.000000000000000000e+00
0.000000000000000000e+00
0.000000000000000000e+00
0.000000000000000000e+00
0.000000000000000000e+00
0.000000000000000000e+00
0.000000000000000000e+00
0.000000000000000000e+00
0.000000000000000000e+00
3.891536409750177383e+09
4.962916205505368233e+09
7.791973480600647926e+08
6.134493284704847336e+09
5.741542391150491714e+09
1.071713470400378108e+09
6.818922354101125002e+08
0.000000000000000000e+00
0.000000000000000000e+00
0.000000000000000000e+00
0.000000000000000000e+00
0.000000000000000000e+00
0.000000000000000000e+00
0.000000000000000000e+00
0.000000000000000000e+00
0.000000000000000000e+00
0.000000000000000000e+00
0.000000000000000000e+00
0.000000000000000000e+00
0.000000000000000000e+00
0.000000000000000000e+00
0.000000000000000000e+00
0.000000000000000000e+00
0.000000000000000000e+00
0.000000000000000000e+00
0.000000000000000000e+00
0.000000000000000000e+00
0.000000000000000000e+00
0.000000000000000000e+00
0.000000000000000000e+00
0.000000000000000000e+00
0.000000000000000000e+00
0.000000000000000000e+00
0.000000000000000000e+00
0.000000000000000000e+00
9.603213237935981154e+07
1.926354891859389067e+09
5.119750846013668060e+09
9.273149778531110764e+09
9.657558993859252930e+09
8.984506657584306717e+09
3.390670830491753578e+09
6.790524434499448538e+08
0.000000000000000000e+00
0.000000000000000000e+00
0.000000000000000000e+00
0.000000000000000000e+00
0.000000000000000000e+00
0.000000000000000000e+00
0.000000000000000000e+00
3.758394741885667324e+09
9.560528216411378860e+09
9.366466661515626907e+09
7.233456459828622818e+09
9.560528216411378860e+09
9.657558993859252930e+09
9.657558993859252930e+09
9.657558993859252930e+09
9.657558993859252930e+09
9.657558993859252930e+09
9.657558993859252930e+09
9.657558993859252930e+09
8.688658530568162918e+09
3.845422343271552324e+08
0.000000000000000000e+00
0.000000000000000000e+00
0.000000000000000000e+00
0.000000000000000000e+00
1.538974354949199677e+09
2.124209943508243322e+09
0.000000000000000000e+00
0.000000000000000000e+00
1.736947733439412117e+09
1.743776682043694735e+09
4.804413477075029016e+08
0.000000000000000000e+00
2.130272682493919611e+09
1.737390132846433878e+09
1.447925887159165859e+09
0.000000000000000000e+00
0.000000000000000000e+00
0.000000000000000000e+00
0.000000000000000000e+00
0.000000000000000000e+00
0.000000000000000000e+00
0.000000000000000000e+00
0.000000000000000000e+00
0.000000000000000000e+00
0.000000000000000000e+00
0.000000000000000000e+00
0.000000000000000000e+00
0.000000000000000000e+00
0.000000000000000000e+00
0.000000000000000000e+00
0.000000000000000000e+00
0.000000000000000000e+00
0.000000000000000000e+00
0.000000000000000000e+00
0.000000000000000000e+00
0.000000000000000000e+00
0.000000000000000000e+00
0.000000000000000000e+00
0.000000000000000000e+00
0.000000000000000000e+00
0.000000000000000000e+00
0.000000000000000000e+00
8.489082427453680038e+08
5.023138985384750366e+09
2.851872831910554409e+09
1.916139944125176668e+08
2.679329210490310669e+09
1.340966174171052933e+09
6.699975299230105877e+08
0.000000000000000000e+00
0.000000000000000000e+00
0.000000000000000000e+00
0.000000000000000000e+00
0.000000000000000000e+00
0.000000000000000000e+00
0.000000000000000000e+00
0.000000000000000000e+00
2.464574931376940727e+09
9.318381620638696671e+09
9.509995615051214218e+09
9.509995615051214218e+09
9.509995615051214218e+09
9.509995615051214218e+09
9.509995615051214218e+09
9.509995615051214218e+09
9.509995615051214218e+09
9.509995615051214218e+09
9.509995615051214218e+09
9.509995615051214218e+09
7.230128918032903671e+09
4.278781475668369293e+09
6.697602723927227259e+08
0.000000000000000000e+00
0.000000000000000000e+00
0.000000000000000000e+00
4.723912049764556885e+08
8.744350866403162003e+09
9.484563048918405175e+07
0.000000000000000000e+00
1.904346541552362144e+08
2.848979521881927967e+09
6.070998292023159981e+09
7.126997615297922134e+09
0.000000000000000000e+00
9.588447625532583892e+07
2.566787958301665306e+09
2.861859664817857742e+08
0.000000000000000000e+00
0.000000000000000000e+00
0.000000000000000000e+00
0.000000000000000000e+00
0.000000000000000000e+00
0.000000000000000000e+00
0.000000000000000000e+00
0.000000000000000000e+00
0.000000000000000000e+00
0.000000000000000000e+00
0.000000000000000000e+00
0.000000000000000000e+00
0.000000000000000000e+00
0.000000000000000000e+00
2.754071254175316691e+08
0.000000000000000000e+00
0.000000000000000000e+00
0.000000000000000000e+00
0.000000000000000000e+00
0.000000000000000000e+00
0.000000000000000000e+00
0.000000000000000000e+00
0.000000000000000000e+00
0.000000000000000000e+00
9.170776117571629584e+07
3.594887103384648800e+09
6.582132331092867851e+09
6.239411265948774338e+09
4.745037743367115974e+09
3.755792701494159102e+08
4.618607580337400436e+08
2.119598365975480080e+09
8.309415213094756603e+08
2.798946507283238173e+08
0.000000000000000000e+00
0.000000000000000000e+00
0.000000000000000000e+00
0.000000000000000000e+00
0.000000000000000000e+00
0.000000000000000000e+00
0.000000000000000000e+00
9.400843630184434354e+07
2.510360656684607029e+09
9.290055427320274353e+09
9.290055427320274353e+09
9.290055427320274353e+09
9.290055427320274353e+09
9.290055427320274353e+09
9.290055427320274353e+09
9.290055427320274353e+09
9.290055427320274353e+09
9.290055427320274353e+09
9.290055427320274353e+09
6.606591304828419685e+09
5.657261815534646988e+09
9.290055427320274353e+09
7.321659134878625870e+09
1.749977941521015167e+09
0.000000000000000000e+00
0.000000000000000000e+00
3.339079725125093937e+09
9.290055427320274353e+09
5.270007629030145645e+09
0.000000000000000000e+00
1.294429895023219824e+09
7.789847724998023033e+09
9.290055427320274353e+09
4.376204799116815567e+09
3.676755648572837710e+08
0.000000000000000000e+00
2.238013489841304779e+09
0.000000000000000000e+00
0.000000000000000000e+00
0.000000000000000000e+00
0.000000000000000000e+00
0.000000000000000000e+00
0.000000000000000000e+00
0.000000000000000000e+00
0.000000000000000000e+00
0.000000000000000000e+00
0.000000000000000000e+00
0.000000000000000000e+00
0.000000000000000000e+00
0.000000000000000000e+00
0.000000000000000000e+00
0.000000000000000000e+00
9.111914783924070001e+07
0.000000000000000000e+00
0.000000000000000000e+00
0.000000000000000000e+00
0.000000000000000000e+00
0.000000000000000000e+00
0.000000000000000000e+00
0.000000000000000000e+00
0.000000000000000000e+00
6.211797327719898224e+08
2.322127559277240276e+09
8.999412308298593521e+09
4.412672555692756653e+09
1.825360832234983742e+08
1.548686091266666889e+09
1.350478976070594549e+09
2.175075154078267574e+09
2.726927123614267111e+08
0.000000000000000000e+00
0.000000000000000000e+00
0.000000000000000000e+00
0.000000000000000000e+00
0.000000000000000000e+00
0.000000000000000000e+00
0.000000000000000000e+00
0.000000000000000000e+00
0.000000000000000000e+00
0.000000000000000000e+00
2.167859305498121738e+09
8.999412308298593521e+09
8.999412308298593521e+09
8.999412308298593521e+09
8.999412308298593521e+09
8.999412308298593521e+09
8.999412308298593521e+09
8.999412308298593521e+09
8.999412308298593521e+09
8.999412308298593521e+09
8.999412308298593521e+09
4.498364181942160606e+09
8.999412308298593521e+09
8.999412308298593521e+09
8.024269585129742622e+09
6.401536816993677139e+09
0.000000000000000000e+00
1.871343908396142244e+09
7.543770427058086395e+09
8.999412308298593521e+09
8.999412308298593521e+09
7.177389567535772324e+09
6.999818827220221519e+09
8.999412308298593521e+09
8.999412308298593521e+09
7.358706767481730461e+09
5.634271428272303581e+09
1.866990907448992968e+09
1.160705779792596102e+09
0.000000000000000000e+00
0.000000000000000000e+00
0.000000000000000000e+00
0.000000000000000000e+00
0.000000000000000000e+00
0.000000000000000000e+00
0.000000000000000000e+00
0.000000000000000000e+00
0.000000000000000000e+00
0.000000000000000000e+00
0.000000000000000000e+00
0.000000000000000000e+00
0.000000000000000000e+00
0.000000000000000000e+00
0.000000000000000000e+00
0.000000000000000000e+00
0.000000000000000000e+00
0.000000000000000000e+00
0.000000000000000000e+00
0.000000000000000000e+00
0.000000000000000000e+00
0.000000000000000000e+00
0.000000000000000000e+00
1.704304873618730009e+08
3.950221755274146080e+09
8.200734642864278793e+09
8.640278227617042542e+09
5.683510292267730713e+09
7.622094974624487162e+08
2.542094046485525966e+08
3.361413688394116402e+09
0.000000000000000000e+00
0.000000000000000000e+00
0.000000000000000000e+00
0.000000000000000000e+00
0.000000000000000000e+00
0.000000000000000000e+00
0.000000000000000000e+00
0.000000000000000000e+00
0.000000000000000000e+00
0.000000000000000000e+00
0.000000000000000000e+00
0.000000000000000000e+00
1.712614460602464676e+08
4.703914461759469032e+09
8.640278227617042542e+09
8.640278227617042542e+09
8.640278227617042542e+09
8.640278227617042542e+09
8.640278227617042542e+09
8.640278227617042542e+09
8.640278227617042542e+09
8.640278227617042542e+09
7.430468046914371490e+09
7.241025769166013718e+09
8.640278227617042542e+09
7.273549744186391830e+09
4.199726399099004269e+09
6.973588292656137466e+09
8.111500049280971527e+09
8.375889138449006081e+09
8.640278227617042542e+09
8.640278227617042542e+09
8.640278227617042542e+09
8.640278227617042542e+09
8.640278227617042542e+09
8.640278227617042542e+09
8.640278227617042542e+09
8.640278227617042542e+09
8.640278227617042542e+09
8.289982575140564919e+09
1.279258996879275799e+09
2.602359222225912809e+08
0.000000000000000000e+00
0.000000000000000000e+00
0.000000000000000000e+00
0.000000000000000000e+00
0.000000000000000000e+00
0.000000000000000000e+00
0.000000000000000000e+00
0.000000000000000000e+00
0.000000000000000000e+00
0.000000000000000000e+00
0.000000000000000000e+00
0.000000000000000000e+00
0.000000000000000000e+00
0.000000000000000000e+00
0.000000000000000000e+00
0.000000000000000000e+00
0.000000000000000000e+00
0.000000000000000000e+00
0.000000000000000000e+00
0.000000000000000000e+00
0.000000000000000000e+00
8.006090246045656502e+07
3.992722489809349060e+09
7.378441806673867226e+09
8.215386412480685234e+09
8.215386412480685234e+09
8.215386412480685234e+09
8.131214675289942741e+09
7.710355989336229324e+09
7.213620831164258003e+09
1.126119808023450136e+09
0.000000000000000000e+00
0.000000000000000000e+00
0.000000000000000000e+00
0.000000000000000000e+00
0.000000000000000000e+00
0.000000000000000000e+00
0.000000000000000000e+00
0.000000000000000000e+00
0.000000000000000000e+00
0.000000000000000000e+00
0.000000000000000000e+00
8.195045739599427581e+07
0.000000000000000000e+00
6.028272363563436508e+09
8.215386412480685234e+09
8.215386412480685234e+09
8.215386412480685234e+09
5.385591018941698074e+09
1.759330314095911741e+09
4.081015972398374081e+09
2.095630166717529774e+09
2.505214348795485497e+09
7.893704060469400406e+09
8.215386412480685234e+09
8.215386412480685234e+09
8.215386412480685234e+09
8.215386412480685234e+09
8.215386412480685234e+09
8.215386412480685234e+09
8.215386412480685234e+09
8.215386412480685234e+09
8.215386412480685234e+09
8.215386412480685234e+09
8.215386412480685234e+09
8.215386412480685234e+09
8.215386412480685234e+09
8.215386412480685234e+09
8.215386412480685234e+09
8.055264607559780121e+09
1.655073177781656981e+09
5.694045218081380129e+08
2.437276774035942554e+09
7.229501148434199095e+08
0.000000000000000000e+00
0.000000000000000000e+00
0.000000000000000000e+00
0.000000000000000000e+00
0.000000000000000000e+00
0.000000000000000000e+00
0.000000000000000000e+00
0.000000000000000000e+00
0.000000000000000000e+00
0.000000000000000000e+00
0.000000000000000000e+00
0.000000000000000000e+00
0.000000000000000000e+00
0.000000000000000000e+00
0.000000000000000000e+00
0.000000000000000000e+00
0.000000000000000000e+00
0.000000000000000000e+00
0.000000000000000000e+00
3.913029392310255527e+09
7.727970546159398079e+09
7.727970546159398079e+09
7.727970546159398079e+09
7.727970546159398079e+09
7.727970546159398079e+09
7.727970546159398079e+09
7.727970546159398079e+09
7.727970546159398079e+09
6.330143365286118507e+09
2.252876597554939091e+08
0.000000000000000000e+00
0.000000000000000000e+00
0.000000000000000000e+00
0.000000000000000000e+00
0.000000000000000000e+00
0.000000000000000000e+00
0.000000000000000000e+00
0.000000000000000000e+00
1.530360189575439692e+08
0.000000000000000000e+00
0.000000000000000000e+00
0.000000000000000000e+00
4.362403435107286453e+09
4.669762943715988159e+09
2.755868547554330349e+09
3.453292172752764702e+09
1.248014538040843248e+09
5.297775596502602696e+08
2.291865900407277584e+09
3.749788849560585022e+09
5.516312546877866745e+09
7.175432395539634705e+09
7.727970546159398079e+09
7.118484599222681999e+09
3.983680846074558258e+09
7.727970546159398079e+09
7.727970546159398079e+09
7.727970546159398079e+09
7.727970546159398079e+09
7.727970546159398079e+09
7.727970546159398079e+09
7.727970546159398079e+09
7.727970546159398079e+09
7.727970546159398079e+09
7.727970546159398079e+09
7.727970546159398079e+09
7.727970546159398079e+09
6.427314199893681526e+09
1.227690251224145889e+09
4.334950437539710999e+09
4.764454952479123473e+08
2.983661607561456680e+09
1.686103242655774593e+09
0.000000000000000000e+00
0.000000000000000000e+00
0.000000000000000000e+00
0.000000000000000000e+00
0.000000000000000000e+00
0.000000000000000000e+00
0.000000000000000000e+00
0.000000000000000000e+00
0.000000000000000000e+00
0.000000000000000000e+00
0.000000000000000000e+00
0.000000000000000000e+00
0.000000000000000000e+00
0.000000000000000000e+00
0.000000000000000000e+00
0.000000000000000000e+00
0.000000000000000000e+00
0.000000000000000000e+00
6.034411850614619255e+09
7.181740157705656052e+09
7.181740157705656052e+09
7.181740157705656052e+09
7.181740157705656052e+09
7.181740157705656052e+09
7.181740157705656052e+09
7.181740157705656052e+09
7.181740157705656052e+09
7.181740157705656052e+09
5.273308931172495842e+09
9.735592762144354582e+08
3.465966891867944002e+08
0.000000000000000000e+00
0.000000000000000000e+00
0.000000000000000000e+00
0.000000000000000000e+00
0.000000000000000000e+00
0.000000000000000000e+00
0.000000000000000000e+00
0.000000000000000000e+00
0.000000000000000000e+00
0.000000000000000000e+00
3.851125194960173607e+09
5.646858405481698990e+09
4.403918463390315056e+09
2.404081222012883186e+09
3.134414848162068367e+09
4.209588325512823105e+09
6.959185324828129768e+09
4.587063840931558609e+09
2.496548315305498600e+09
2.403569072188236713e+09
6.315127998878542900e+09
4.481911322837503433e+09
3.770882696918621063e+09
7.181740157705656052e+09
7.181740157705656052e+09
7.181740157705656052e+09
7.181740157705656052e+09
7.181740157705656052e+09
7.181740157705656052e+09
7.181740157705656052e+09
7.181740157705656052e+09
7.181740157705656052e+09
7.181740157705656052e+09
7.181740157705656052e+09
7.181740157705656052e+09
7.181740157705656052e+09
6.810999515306248665e+09
6.811557373929697037e+09
3.019942670649534702e+09
4.175794993845969439e+08
2.860774278709352016e+09
2.099684077424230874e+08
0.000000000000000000e+00
0.000000000000000000e+00
0.000000000000000000e+00
0.000000000000000000e+00
0.000000000000000000e+00
0.000000000000000000e+00
0.000000000000000000e+00
0.000000000000000000e+00
0.000000000000000000e+00
0.000000000000000000e+00
0.000000000000000000e+00
0.000000000000000000e+00
0.000000000000000000e+00
0.000000000000000000e+00
0.000000000000000000e+00
0.000000000000000000e+00
3.790413266436357498e+08
5.001392750085231781e+09
6.580852390198500633e+09
6.580852390198500633e+09
6.580852390198500633e+09
6.580852390198500633e+09
6.580852390198500633e+09
6.580852390198500633e+09
6.580852390198500633e+09
6.580852390198500633e+09
6.580852390198500633e+09
6.444872800504742622e+09
5.551303837570451736e+09
1.739614512515409231e+09
2.131465334826787472e+09
9.095494946769309044e+08
0.000000000000000000e+00
0.000000000000000000e+00
0.000000000000000000e+00
0.000000000000000000e+00
0.000000000000000000e+00
0.000000000000000000e+00
0.000000000000000000e+00
0.000000000000000000e+00
0.000000000000000000e+00
2.429921666247018337e+09
6.517894364649093628e+09
6.580852390198500633e+09
6.307063386538591385e+09
6.580852390198500633e+09
6.580852390198500633e+09
6.512253516908037186e+09
5.626543414918044090e+09
5.433581127913093567e+09
6.580852390198500633e+09
5.831127055785537720e+09
5.162233662882409096e+09
6.580852390198500633e+09
6.580852390198500633e+09
6.580852390198500633e+09
6.580852390198500633e+09
6.580852390198500633e+09
6.580852390198500633e+09
6.580852390198500633e+09
6.580852390198500633e+09
6.580852390198500633e+09
6.580852390198500633e+09
6.580852390198500633e+09
6.580852390198500633e+09
6.580852390198500633e+09
6.580852390198500633e+09
6.580852390198500633e+09
6.580852390198500633e+09
5.161683428652021408e+09
1.365253892676024437e+09
1.365912570789767206e+08
0.000000000000000000e+00
0.000000000000000000e+00
0.000000000000000000e+00
0.000000000000000000e+00
0.000000000000000000e+00
0.000000000000000000e+00
1.206484634718886167e+08
5.965417222171209753e+07
1.159174180166462809e+08
1.687102913599979281e+08
0.000000000000000000e+00
0.000000000000000000e+00
0.000000000000000000e+00
0.000000000000000000e+00
0.000000000000000000e+00
3.484048659746708870e+08
4.293324827221407413e+09
5.929880362374628067e+09
5.929880362374628067e+09
5.929880362374628067e+09
5.929880362374628067e+09
5.929880362374628067e+09
5.929880362374628067e+09
5.929880362374628067e+09
5.929880362374628067e+09
4.480738901878826141e+09
5.106319924823498726e+09
5.929880362374628067e+09
5.805267073617791176e+09
5.618347140482540131e+09
3.257380214087357998e+09
0.000000000000000000e+00
0.000000000000000000e+00
0.000000000000000000e+00
0.000000000000000000e+00
0.000000000000000000e+00
0.000000000000000000e+00
0.000000000000000000e+00
0.000000000000000000e+00
5.965417222170976549e+07
2.792536170598752499e+09
3.908691997140995502e+09
2.068760391094270229e+09
4.619171779859864235e+09
5.080795186071918488e+09
5.366128210790952682e+09
5.929880362374628067e+09
5.929880362374628067e+09
5.929880362374628067e+09
5.929880362374628067e+09
5.929880362374628067e+09
5.929880362374628067e+09
5.929880362374628067e+09
5.929880362374628067e+09
5.929880362374628067e+09
5.929880362374628067e+09
5.929880362374628067e+09
5.929880362374628067e+09
5.929880362374628067e+09
5.929880362374628067e+09
5.929880362374628067e+09
5.929880362374628067e+09
5.929880362374628067e+09
5.929880362374628067e+09
5.929880362374628067e+09
5.929880362374628067e+09
5.929880362374628067e+09
5.929880362374628067e+09
5.929880362374628067e+09
5.080799521437249184e+09
2.279182979649681568e+09
0.000000000000000000e+00
0.000000000000000000e+00
2.911632818250557423e+09
2.249470551466667950e+08
5.623676378666569293e+07
0.000000000000000000e+00
0.000000000000000000e+00
0.000000000000000000e+00
0.000000000000000000e+00
0.000000000000000000e+00
8.862927173159976006e+08
2.340799835689422607e+09
1.262846356474455595e+09
0.000000000000000000e+00
9.817501258964452147e+07
1.353061877026392937e+09
4.209591595518023968e+09
5.233778364433403969e+09
5.233778364433403969e+09
5.233778364433403969e+09
5.233778364433403969e+09
5.233778364433403969e+09
5.233778364433403969e+09
5.233778364433403969e+09
3.009127849910602570e+09
1.316092794101208210e+09
1.666206728426100314e+08
2.504237525383152008e+09
5.233778364433403969e+09
4.189771848321248531e+09
3.029509341369452953e+09
5.554022428086920083e+07
0.000000000000000000e+00
0.000000000000000000e+00
0.000000000000000000e+00
0.000000000000000000e+00
0.000000000000000000e+00
0.000000000000000000e+00
0.000000000000000000e+00
0.000000000000000000e+00
0.000000000000000000e+00
5.840452332298597097e+08
1.829704335512712002e+09
0.000000000000000000e+00
2.259622393043186665e+09
3.578638736353883266e+09
1.838260083579704762e+09
2.410017097956647396e+09
4.890165820369650841e+09
5.233778364433403969e+09
5.233778364433403969e+09
5.233778364433403969e+09
5.233778364433403969e+09
5.233778364433403969e+09
5.233778364433403969e+09
5.233778364433403969e+09
5.233778364433403969e+09
5.233778364433403969e+09
5.233778364433403969e+09
5.233778364433403969e+09
5.233778364433403969e+09
5.233778364433403969e+09
5.233778364433403969e+09
5.233778364433403969e+09
5.233778364433403969e+09
5.233778364433403969e+09
5.233778364433403969e+09
5.233778364433403969e+09
5.233778364433403969e+09
5.233778364433403969e+09
3.978180863114969254e+09
9.934460492131433487e+08
5.406952277937657833e+08
7.407085457266876698e+08
2.686512653358015060e+09
2.822006574394139767e+09
0.000000000000000000e+00
0.000000000000000000e+00
0.000000000000000000e+00
0.000000000000000000e+00
1.685513762956912816e+08
5.857961748375115395e+08
3.368426278433510303e+09
4.497844152897067070e+09
4.259796251116363049e+09
4.113995592087840080e+09
4.449493043356625557e+09
4.497844152897067070e+09
4.497844152897067070e+09
4.497844152897067070e+09
4.497844152897067070e+09
4.497844152897067070e+09
4.497844152897067070e+09
4.497844152897067070e+09
4.497844152897067070e+09
4.497844152897067070e+09
2.354161398963202000e+09
8.450853571464099884e+08
9.419411388061141968e+08
1.734007460733251095e+09
2.720264875678081512e+09
2.090322152078958273e+09
9.144751756171499193e+07
0.000000000000000000e+00
4.301801282006557584e+08
3.497315655839355946e+09
2.794047769885268688e+09
0.000000000000000000e+00
0.000000000000000000e+00
0.000000000000000000e+00
4.618129774994890690e+08
1.012118000091556191e+09
8.312932648045469820e+07
4.536926625599445403e+07
4.835110954044043273e+07
0.000000000000000000e+00
2.782516069431671143e+09
4.330818015667171478e+09
3.158261357848425388e+09
2.721449524600351810e+09
4.159386386113982677e+09
4.497844152897067070e+09
4.120692246659078121e+09
4.497844152897067070e+09
4.497844152897067070e+09
4.497844152897067070e+09
4.497844152897067070e+09
4.497844152897067070e+09
4.497844152897067070e+09
4.497844152897067070e+09
4.497844152897067070e+09
4.497844152897067070e+09
4.497844152897067070e+09
4.497844152897067070e+09
4.497844152897067070e+09
4.497844152897067070e+09
4.497844152897067070e+09
4.497844152897067070e+09
4.497844152897067070e+09
4.497844152897067070e+09
4.497844152897067070e+09
4.497844152897067070e+09
4.497844152897067070e+09
4.497844152897067070e+09
4.497844152897067070e+09
4.497844152897067070e+09
3.074773268826118946e+09
3.602949242075834751e+09
4.111035276573543072e+09
3.402830217809638977e+09
1.645905695018440485e+09
2.140405656078889132e+09
1.148905226671121597e+09
5.438157243428772688e+08
2.949174554163124084e+09
3.727678631484651089e+09
3.727678631484651089e+09
3.727678631484651089e+09
3.626502167481820583e+09
3.217813966627795696e+09
3.457078258508563519e+09
3.626502167481822014e+09
3.525325703478991985e+09
3.249150047723116875e+09
3.042456906626214027e+09
3.149212306388625145e+09
2.698816646742762566e+09
2.813504164218492985e+09
3.243593228262078285e+09
2.322354306781929016e+09
1.608884189955253363e+09
8.419577001331864595e+08
2.860320742513329983e+09
2.658189650270131588e+09
9.755653304270024300e+08
0.000000000000000000e+00
1.912493608895864487e+09
3.727678631484651089e+09
3.727678631484651089e+09
3.041150300449069977e+09
1.734253428723205328e+09
9.650008253630390167e+08
5.837347267323604822e+08
9.258730718975964785e+08
1.624022984437401891e+08
0.000000000000000000e+00
0.000000000000000000e+00
0.000000000000000000e+00
0.000000000000000000e+00
7.039283779738675356e+08
3.139260471137798309e+09
3.282039506015738487e+09
3.653159129822498322e+09
3.328320991482535839e+09
1.865816733482995033e+09
1.413354403189200163e+09
2.095400163701244116e+09
2.654356963589997768e+09
2.831719091079899788e+09
3.489213437553103447e+09
3.167454427590815067e+09
2.965592764562953949e+09
3.656255887016770840e+09
3.727678631484651089e+09
3.727678631484651089e+09
3.727678631484651089e+09
3.727678631484651089e+09
3.727678631484651089e+09
3.727678631484651089e+09
3.727678631484651089e+09
3.727678631484651089e+09
3.727678631484651089e+09
3.727678631484651089e+09
3.727678631484651089e+09
3.727678631484651089e+09
3.727678631484651089e+09
3.727678631484651089e+09
3.727678631484651089e+09
3.727678631484651089e+09
3.355107954517871857e+09
3.388034344569592476e+09
3.624909229544741154e+09
3.457078258508563519e+09
1.566045736325074136e+08
0.000000000000000000e+00
0.000000000000000000e+00
9.877935211775802076e+07
6.810304899199043512e+08
4.898890367301406264e+08
1.317058028236768097e+08
0.000000000000000000e+00
0.000000000000000000e+00
0.000000000000000000e+00
6.263228879896424711e+07
1.632994195432198048e+09
1.558753659309447765e+09
1.913045320882486820e+09
1.874829904726631641e+09
6.133629712728543282e+08
1.186416072235380411e+09
1.373790780612083435e+09
1.789658676774410009e+09
2.245916366959311962e+09
1.699866178311277390e+09
8.994705165888026953e+08
1.301027132802175134e+08
0.000000000000000000e+00
3.824903294210708737e+08
2.581418541553100109e+09
2.929143224852711201e+09
2.929143224852711201e+09
2.929143224852711201e+09
2.929143224852711201e+09
2.655394884282982349e+09
1.681556253275117636e+09
2.562964143396787345e+07
0.000000000000000000e+00
0.000000000000000000e+00
0.000000000000000000e+00
0.000000000000000000e+00
0.000000000000000000e+00
0.000000000000000000e+00
0.000000000000000000e+00
2.288820653979753554e+08
4.890874919584112763e+08
6.585290141183829308e+07
0.000000000000000000e+00
0.000000000000000000e+00
0.000000000000000000e+00
8.027918628119826317e+08
9.609103608367414474e+08
0.000000000000000000e+00
7.845596027975147963e+08
1.327291827865836143e+09
1.319388841337570906e+09
1.799242946297733784e+09
2.690292664591781139e+09
2.929143224852711201e+09
2.929143224852711201e+09
2.929143224852711201e+09
2.762283551049929619e+09
2.371279764523114204e+09
2.051447223726421595e+09
1.939120372632260799e+09
1.872410343180702209e+09
8.689535930699874163e+08
1.073587296303518534e+09
1.755982657289212227e+09
1.384456648269807339e+09
7.444763105805933475e+08
6.183886604669004679e+08
0.000000000000000000e+00
0.000000000000000000e+00
0.000000000000000000e+00
6.264182945300232619e+07
0.000000000000000000e+00
0.000000000000000000e+00
0.000000000000000000e+00
0.000000000000000000e+00
0.000000000000000000e+00
0.000000000000000000e+00
0.000000000000000000e+00
0.000000000000000000e+00
0.000000000000000000e+00
0.000000000000000000e+00
0.000000000000000000e+00
1.381332055280966461e+08
7.112946038842079639e+08
6.748462729022175074e+08
5.433476883111706972e+08
6.589725116017761230e+08
7.020343510107657909e+08
1.085417042121181488e+09
1.385539028743312120e+09
1.731233366029818773e+09
9.024796877776606083e+08
2.429302305404628217e+08
1.171758413092916012e+09
1.550901634601620674e+09
1.961111950344605446e+09
2.108315269614611149e+09
2.108315269614611149e+09
2.108315269614611149e+09
2.108315269614611149e+09
2.108315269614611149e+09
2.108315269614611149e+09
1.873466939939992189e+09
2.967981362947939038e+08
0.000000000000000000e+00
0.000000000000000000e+00
0.000000000000000000e+00
0.000000000000000000e+00
0.000000000000000000e+00
4.403476206801816225e+08
8.158127057248036861e+08
4.363378182361828089e+08
5.201621346023017168e+07
0.000000000000000000e+00
0.000000000000000000e+00
0.000000000000000000e+00
0.000000000000000000e+00
0.000000000000000000e+00
2.208049789050100446e+08
4.044422043578221202e+08
2.729591175273429751e+08
0.000000000000000000e+00
0.000000000000000000e+00
0.000000000000000000e+00
9.592955003338518739e+07
4.555380663551800251e+08
9.192023124771202803e+08
1.393398334550158739e+09
8.502138110282335281e+08
4.805135633007930517e+08
0.000000000000000000e+00
0.000000000000000000e+00
0.000000000000000000e+00
0.000000000000000000e+00
2.927601723347031474e+08
4.151551940254881382e+08
1.711829669114930034e+08
0.000000000000000000e+00
0.000000000000000000e+00
0.000000000000000000e+00
0.000000000000000000e+00
0.000000000000000000e+00
0.000000000000000000e+00
0.000000000000000000e+00
0.000000000000000000e+00
0.000000000000000000e+00
0.000000000000000000e+00
0.000000000000000000e+00
0.000000000000000000e+00
0.000000000000000000e+00
0.000000000000000000e+00
0.000000000000000000e+00
0.000000000000000000e+00
0.000000000000000000e+00
0.000000000000000000e+00
0.000000000000000000e+00
0.000000000000000000e+00
0.000000000000000000e+00
0.000000000000000000e+00
3.300267665657181665e+07
3.915517407049652934e+08
4.645206430162458420e+08
6.809598785705378056e+08
7.653517341382949352e+08
8.640529238010340929e+08
6.316524275103244781e+08
5.221004398050181270e+08
6.088450513026000261e+08
6.622463460837351084e+08
7.008227421555905342e+08
8.483811719614999294e+08
9.556752465168771744e+08
9.785808271958380938e+08
9.425354334453588724e+08
5.978946245258358717e+08
4.458087515184499621e+08
1.317224153414728492e+08
0.000000000000000000e+00
0.000000000000000000e+00
0.000000000000000000e+00
0.000000000000000000e+00
0.000000000000000000e+00
1.650133832828576863e+07
8.250669164142923057e+07
1.650133832828588225e+07
0.000000000000000000e+00
0.000000000000000000e+00
0.000000000000000000e+00
1.443187642916010916e+08
1.286560820959096700e+08
2.785606623947792053e+08
1.096387753698409945e+08
0.000000000000000000e+00
0.000000000000000000e+00
0.000000000000000000e+00
0.000000000000000000e+00
0.000000000000000000e+00
1.616587587524815798e+08
1.896271130657076836e+08
0.000000000000000000e+00
0.000000000000000000e+00
0.000000000000000000e+00
0.000000000000000000e+00
0.000000000000000000e+00
0.000000000000000000e+00
0.000000000000000000e+00
0.000000000000000000e+00
0.000000000000000000e+00
0.000000000000000000e+00
0.000000000000000000e+00
0.000000000000000000e+00
0.000000000000000000e+00
0.000000000000000000e+00
0.000000000000000000e+00
0.000000000000000000e+00
0.000000000000000000e+00
0.000000000000000000e+00
0.000000000000000000e+00
0.000000000000000000e+00
0.000000000000000000e+00
0.000000000000000000e+00
0.000000000000000000e+00
0.000000000000000000e+00
0.000000000000000000e+00
0.000000000000000000e+00
0.000000000000000000e+00
0.000000000000000000e+00
0.000000000000000000e+00
0.000000000000000000e+00
0.000000000000000000e+00
0.000000000000000000e+00
0.000000000000000000e+00
0.000000000000000000e+00
0.000000000000000000e+00
0.000000000000000000e+00
0.000000000000000000e+00
0.000000000000000000e+00
0.000000000000000000e+00
0.000000000000000000e+00
0.000000000000000000e+00
0.000000000000000000e+00
0.000000000000000000e+00
0.000000000000000000e+00
0.000000000000000000e+00
0.000000000000000000e+00
0.000000000000000000e+00
0.000000000000000000e+00
0.000000000000000000e+00
0.000000000000000000e+00
0.000000000000000000e+00
0.000000000000000000e+00
0.000000000000000000e+00
0.000000000000000000e+00
0.000000000000000000e+00
0.000000000000000000e+00
0.000000000000000000e+00
0.000000000000000000e+00
0.000000000000000000e+00
0.000000000000000000e+00
0.000000000000000000e+00
0.000000000000000000e+00
0.000000000000000000e+00
0.000000000000000000e+00
0.000000000000000000e+00
0.000000000000000000e+00
0.000000000000000000e+00
0.000000000000000000e+00
0.000000000000000000e+00
0.000000000000000000e+00
0.000000000000000000e+00
0.000000000000000000e+00
0.000000000000000000e+00
0.000000000000000000e+00
0.000000000000000000e+00
0.000000000000000000e+00
0.000000000000000000e+00
0.000000000000000000e+00
0.000000000000000000e+00
0.000000000000000000e+00
0.000000000000000000e+00
0.000000000000000000e+00
0.000000000000000000e+00
0.000000000000000000e+00
0.000000000000000000e+00
0.000000000000000000e+00
0.000000000000000000e+00
0.000000000000000000e+00
