     0.000000     0.000000     0.000000     0.000000     0.000000     0.000000
     0.000000     0.000000     0.000000     0.000000     0.000000     0.000000
     0.000000     0.000000     0.000000     0.000000     0.000000     0.000000
     0.000000     0.000000     0.000000     0.000000     0.000000     0.000000
     0.000000     0.000000     0.000000     0.000000     0.000000     0.000000
     0.000000     0.000000     0.000000     0.000000     0.000000     0.000000
     0.000000     0.000000     0.000000     0.000000     0.000000     0.000000
     0.000000     0.000000     0.000000     0.000000     0.000000     0.000000
     0.000000     0.000000     0.000000     0.000000     0.000000     0.000000
     0.000000     0.000000     0.000000     0.000000     0.000000     0.000000
     0.000000     0.000000     0.000000     0.000000     0.000000     0.000000
     0.000000     0.000000     0.000000     0.000000     0.000000     0.000000
     0.000000     0.000000     0.000000     0.000000     0.000000     0.000000
     0.000000     0.000000     0.000000     0.000000     0.000000     0.000000
     0.000000     0.000000     0.000000     0.000000     0.000000     0.000000
     0.000000     0.000000     0.000000     0.000000     0.000000     0.000000
     0.000000     0.000000     0.000000     0.000000     0.000000     0.000000
     0.000000     0.000000     0.000000     0.000000     0.000000     0.000000
     0.000000     0.000000     0.000000     0.000000     0.000000     0.000000
     0.000000     0.000000     0.000000     0.000000     0.000000     0.000000
     0.000000     0.000000     0.000000     0.000000     0.000000     0.000000
     0.000000     0.000000     0.000000     0.000000     0.000000     0.000000
     0.000000     0.000000     0.000000     0.000000     0.000000     0.000000
     0.000000     0.000000     0.000000     0.000000     0.000000     0.000000
     0.000000     0.000000     0.000000     0.000000     0.000000     0.000000
     0.000000     0.000000     0.000000     0.000000     0.000000     0.000000
     0.000000     0.000000     0.000000     0.000000     0.000000     0.000000
     0.000000     0.000000     0.000000     0.000000     0.000000     0.000000
     0.000000     0.000000     0.000000     0.000000     0.000000     0.000000
     0.000000     0.000000     0.000000     0.000000     0.000000     0.000000
     0.000000     0.000000     0.000000     0.000000     0.000000     0.000000
     0.000000     0.000000     0.000000     0.000000     0.000000     0.000000
     0.000000     0.000000     0.000000     0.000000     0.000000     0.000000
     0.000000     0.000000     0.000000     0.000000     0.000000     0.000000
     0.000000     0.000000     0.000000     0.000000     0.000000     0.000000
     0.000000     0.000000     0.000000     0.000000     0.000000     0.000000
     0.000000     0.000000     0.000000     0.000000     0.000000     0.000000
     0.000000     0.000000     0.000000     0.000000     0.000000     0.000000
     0.000000     0.000000     0.000000     0.000000     0.000000     0.000000
     0.000000     0.000000     0.000000     0.000000     0.000000     0.000000
     0.000000     0.000000     0.000000     0.000000     0.000000     0.000000
     0.000000     0.000000     0.000000     0.000000     0.000000     0.000000
     0.000000     0.000000     0.000000     0.000000     0.000000     0.000000
     0.000000     0.000000     0.000000     0.000000     0.000000     0.000000
     0.000000     0.000000     0.000000     0.000000     0.000000     0.000000
     0.000000     0.000000     0.000000     0.000000     0.000000     0.000000
     0.000000     0.000000     0.000000     0.000000     0.000000     0.000000
     0.000000     0.000000     0.000000     0.000000     0.000000     0.000000
     0.000000     0.000000     0.000000     0.000000     0.000000     0.000000
     0.000000     0.000000     0.000000     0.000000     0.000000     0.000000
     0.000000     0.000000     0.000000     0.000000     0.000000     0.000000
     0.000000     0.000000     0.000000     0.000000     0.000000     0.000000
     0.000000     0.000000     0.000000     0.000000     0.000000     0.000000
     0.000000     0.000000     0.000000     0.000000     0.000000     0.000000
     0.000000     0.000000     0.000000     0.000000     0.000000     0.000000
     0.000000     0.000000     0.000000     0.000000     0.000000     0.000000
     0.000000     0.000000     0.000000     0.000000     0.000000     0.000000
     0.000000     0.000000     0.000000     0.000000     0.000000     0.000000
     0.000000     0.000000     0.000000     0.000000     0.000000     0.000000
     0.000000     0.000000     0.000000     0.000000     0.000000     0.000000
     0.000000     0.000000     0.000000     0.000000     0.000000     0.000000
     0.000000     0.000000     0.000000     0.000000     0.000000     0.000000
     0.000000     0.000000     0.000000     0.000000     0.000000     0.000000
     0.000000     0.000000     0.000000     0.000000     0.000000     0.000000
     0.000000     0.000000     0.000000     0.000000     0.000000     0.000000
     0.000000     0.000000     0.000000     0.000000     0.000000     0.000000
     0.000000     0.000000     0.000000     0.000000     0.000000     0.000000
     0.000000     0.000000     0.000000     0.000000     0.000000     0.000000
     0.000000     0.000000     0.000000     0.000000     0.000000     0.000000
     0.000000     0.000000     0.000000     0.000000     0.000000     0.000000
     0.000000     0.000000     0.000000     0.000000     0.000000     0.000000
     0.000000     0.000000     0.000000     0.000000     0.000000     0.000000
     0.000000     0.000000     0.000000     0.000000     0.000000     0.000000
     0.000000     0.000000     0.000000     0.000000     0.000000     0.000000
     0.000000     0.000000     0.000000     0.000000     0.000000     0.000000
     0.000000     0.000000     0.000000     0.000000 9.508226e+08     0.000000
     0.000000     0.000000     0.000000     0.000000     0.000000     0.000000
     0.000000     0.000000     0.000000     0.000000     0.000000     0.000000
     0.000000     0.000000     0.000000     0.000000     0.000000     0.000000
     0.000000     0.000000     0.000000     0.000000     0.000000     0.000000
     0.000000     0.000000     0.000000     0.000000     0.000000     0.000000
     0.000000     0.000000     0.000000     0.000000     0.000000     0.000000
     0.000000     0.000000     0.000000     0.000000     0.000000     0.000000
     0.000000     0.000000     0.000000     0.000000     0.000000     0.000000
     0.000000     0.000000     0.000000     0.000000     0.000000     0.000000
     0.000000     0.000000     0.000000     0.000000     0.000000     0.000000
     0.000000     0.000000     0.000000     0.000000     0.000000     0.000000
     0.000000     0.000000 4.157024e+08 9.280929e+09 5.414332e+09 4.233278e+08
 2.285479e+09     0.000000     0.000000     0.000000 4.869781e+08     0.000000
     0.000000     0.000000     0.000000     0.000000     0.000000     0.000000
     0.000000     0.000000     0.000000     0.000000     0.000000     0.000000
     0.000000     0.000000     0.000000     0.000000     0.000000     0.000000
     0.000000     0.000000     0.000000     0.000000     0.000000     0.000000
     0.000000     0.000000     0.000000     0.000000     0.000000     0.000000
     0.000000     0.000000     0.000000     0.000000     0.000000     0.000000
     0.000000     0.000000     0.000000     0.000000     0.000000     0.000000
     0.000000     0.000000     0.000000     0.000000     0.000000     0.000000
     0.000000     0.000000     0.000000     0.000000     0.000000     0.000000
     0.000000     0.000000     0.000000     0.000000     0.000000     0.000000
     0.000000     0.000000 2.556508e+09 1.232188e+10 5.069036e+09     0.000000
     0.000000     0.000000     0.000000     0.000000     0.000000     0.000000
     0.000000     0.000000     0.000000     0.000000     0.000000     0.000000
     0.000000     0.000000     0.000000     0.000000     0.000000     0.000000
     0.000000     0.000000     0.000000     0.000000     0.000000     0.000000
     0.000000     0.000000     0.000000     0.000000     0.000000     0.000000
     0.000000     0.000000     0.000000     0.000000     0.000000     0.000000
     0.000000     0.000000     0.000000     0.000000     0.000000     0.000000
     0.000000     0.000000     0.000000 4.003520e+09 3.461520e+08     0.000000
     0.000000     0.000000     0.000000     0.000000     0.000000     0.000000
     0.000000     0.000000     0.000000     0.000000     0.000000     0.000000
     0.000000     0.000000     0.000000     0.000000     0.000000     0.000000
     0.000000     0.000000     0.000000 3.443425e+09 8.957394e+09 1.423248e+09
     0.000000     0.000000     0.000000     0.000000     0.000000     0.000000
     0.000000     0.000000     0.000000     0.000000     0.000000     0.000000
     0.000000     0.000000     0.000000     0.000000     0.000000     0.000000
     0.000000     0.000000     0.000000     0.000000     0.000000     0.000000
     0.000000     0.000000     0.000000     0.000000     0.000000     0.000000
     0.000000     0.000000     0.000000     0.000000     0.000000     0.000000
     0.000000     0.000000     0.000000     0.000000     0.000000 8.262269e+09
     0.000000     0.000000     0.000000 2.491435e+08 2.034840e+09 3.247098e+09
     0.000000     0.000000     0.000000     0.000000     0.000000     0.000000
     0.000000     0.000000     0.000000     0.000000     0.000000     0.000000
     0.000000     0.000000     0.000000     0.000000     0.000000     0.000000
     0.000000     0.000000     0.000000 2.162762e+10 5.475916e+09 7.356387e+10
 3.919201e+10     0.000000     0.000000     0.000000     0.000000     0.000000
     0.000000     0.000000     0.000000     0.000000     0.000000     0.000000
     0.000000     0.000000     0.000000     0.000000     0.000000     0.000000
     0.000000     0.000000     0.000000     0.000000     0.000000     0.000000
     0.000000     0.000000     0.000000     0.000000     0.000000     0.000000
     0.000000     0.000000     0.000000     0.000000     0.000000     0.000000
     0.000000     0.000000     0.000000 8.931726e+08 5.481809e+10 9.098279e+10
 4.392760e+09     0.000000     0.000000     0.000000 1.380666e+10 2.353836e+10
     0.000000     0.000000     0.000000     0.000000     0.000000     0.000000
     0.000000     0.000000     0.000000     0.000000     0.000000     0.000000
     0.000000     0.000000     0.000000     0.000000     0.000000     0.000000
     0.000000     0.000000     0.000000 1.403315e+10 1.425441e+11 2.166672e+11
 4.912149e+11 3.335828e+11     0.000000     0.000000     0.000000     0.000000
     0.000000     0.000000     0.000000     0.000000     0.000000     0.000000
     0.000000     0.000000     0.000000 3.520972e+10 6.945204e+10 1.555181e+11
 1.360408e+10     0.000000     0.000000     0.000000     0.000000     0.000000
     0.000000     0.000000     0.000000     0.000000     0.000000     0.000000
     0.000000     0.000000     0.000000     0.000000     0.000000 1.265985e+11
 1.000398e+11 7.490609e+09 1.540533e+10 2.153474e+10 1.834427e+11 4.399756e+11
 1.077661e+11     0.000000     0.000000     0.000000     0.000000     0.000000
     0.000000     0.000000     0.000000     0.000000     0.000000     0.000000
     0.000000     0.000000     0.000000     0.000000     0.000000     0.000000
     0.000000     0.000000     0.000000     0.000000     0.000000     0.000000
     0.000000     0.000000     0.000000 1.646756e+08 8.388750e+10 7.642901e+11
 1.143120e+12 8.016674e+11 8.890049e+10     0.000000     0.000000     0.000000
     0.000000     0.000000     0.000000     0.000000     0.000000     0.000000
     0.000000     0.000000 7.046552e+09 6.617125e+10 2.539620e+11 2.963431e+11
 2.293823e+11     0.000000 5.728403e+09 1.435450e+10     0.000000     0.000000
     0.000000     0.000000     0.000000     0.000000     0.000000     0.000000
     0.000000     0.000000     0.000000     0.000000 1.502198e+10 6.246276e+10
 1.476787e+11 8.495487e+10 1.087775e+11 5.550313e+10 4.356435e+11 9.882579e+11
 3.797818e+11     0.000000     0.000000     0.000000     0.000000     0.000000
     0.000000     0.000000     0.000000     0.000000     0.000000     0.000000
     0.000000     0.000000     0.000000     0.000000     0.000000     0.000000
     0.000000     0.000000     0.000000     0.000000     0.000000     0.000000
     0.000000     0.000000     0.000000     0.000000 3.485787e+10 1.142347e+12
 2.482554e+12 1.392447e+12 1.226069e+12 5.300125e+11     0.000000     0.000000
     0.000000     0.000000     0.000000     0.000000     0.000000     0.000000
     0.000000     0.000000 1.396491e+10 3.824286e+11 2.701615e+11 3.878785e+11
 1.193868e+12 4.689866e+10 2.641401e+11 7.062641e+11     0.000000     0.000000
     0.000000     0.000000     0.000000     0.000000     0.000000     0.000000
     0.000000     0.000000     0.000000     0.000000 4.424878e+10 5.469810e+11
 6.099417e+11 4.502593e+11 3.429771e+11 2.940115e+11 1.028838e+12 1.742737e+12
 1.727805e+11     0.000000 1.247021e+10 3.110852e+10     0.000000     0.000000
 1.971129e+10     0.000000     0.000000     0.000000     0.000000     0.000000
 1.766328e+10     0.000000     0.000000     0.000000     0.000000     0.000000
     0.000000     0.000000     0.000000     0.000000     0.000000     0.000000
     0.000000     0.000000     0.000000 9.656739e+09 6.733431e+11 2.200823e+12
 2.422433e+12 3.079981e+12 2.819854e+12 2.004045e+12 5.025355e+11     0.000000
     0.000000     0.000000     0.000000     0.000000     0.000000     0.000000
     0.000000     0.000000 2.459937e+11 1.373268e+12 1.409888e+12 1.344943e+12
 1.428383e+12 9.383220e+11 4.482963e+11 1.931303e+12 2.453488e+10     0.000000
     0.000000     0.000000     0.000000     0.000000     0.000000     0.000000
     0.000000     0.000000     0.000000     0.000000     0.000000     0.000000
 9.397447e+11 2.627680e+12 1.899064e+12 1.194581e+12 2.466110e+12 4.384122e+11
     0.000000     0.000000     0.000000 2.303011e+10     0.000000 1.123546e+11
     0.000000 2.330267e+10     0.000000     0.000000     0.000000     0.000000
     0.000000     0.000000     0.000000     0.000000     0.000000     0.000000
     0.000000     0.000000     0.000000     0.000000     0.000000     0.000000
     0.000000     0.000000 1.186651e+11 2.859811e+12 3.120402e+12 3.286755e+12
 3.150303e+12 4.080085e+12 3.237141e+12 2.294117e+12 1.066041e+12     0.000000
     0.000000     0.000000     0.000000     0.000000     0.000000     0.000000
     0.000000     0.000000 6.533197e+11 2.288963e+12 3.573381e+12 2.819808e+12
 1.727492e+12 3.078134e+12 1.893436e+11 4.940783e+11     0.000000     0.000000
     0.000000     0.000000     0.000000     0.000000     0.000000     0.000000
     0.000000     0.000000     0.000000     0.000000     0.000000     0.000000
 5.973085e+10 5.209640e+11 3.405369e+12 7.399596e+11 1.747084e+12 1.450271e+10
 2.669443e+10     0.000000     0.000000     0.000000     0.000000     0.000000
     0.000000     0.000000     0.000000     0.000000     0.000000     0.000000
     0.000000     0.000000     0.000000     0.000000     0.000000     0.000000
     0.000000     0.000000     0.000000     0.000000     0.000000     0.000000
     0.000000 7.848280e+07 2.117163e+12 5.557570e+12 4.805536e+12 4.163371e+12
 3.941752e+12 3.776001e+12 4.090393e+12 3.718996e+12 3.374663e+12     0.000000
     0.000000     0.000000     0.000000     0.000000     0.000000     0.000000
     0.000000     0.000000 1.251456e+12 2.379945e+12 2.811267e+12 4.056782e+12
 2.703969e+12 2.255947e+12     0.000000     0.000000     0.000000     0.000000
     0.000000     0.000000     0.000000     0.000000     0.000000     0.000000
     0.000000     0.000000 1.021598e+11 4.383666e+11 4.371486e+11 1.727119e+11
 3.276982e+11 1.048962e+11     0.000000 8.266923e+11 3.051644e+12 9.720944e+11
 1.269356e+11 4.103064e+10 2.666474e+10     0.000000     0.000000     0.000000
     0.000000     0.000000     0.000000     0.000000     0.000000     0.000000
     0.000000     0.000000     0.000000     0.000000     0.000000     0.000000
     0.000000     0.000000     0.000000     0.000000     0.000000     0.000000
     0.000000 3.468721e+11 4.969837e+12 6.388989e+12 6.507243e+12 5.639065e+12
 4.776199e+12 3.621549e+12 3.400964e+12 2.169178e+12 7.665827e+11     0.000000
     0.000000     0.000000     0.000000     0.000000     0.000000     0.000000
     0.000000 1.253568e+11 3.402998e+12 3.586157e+12 3.922992e+12 3.355709e+12
 1.433275e+12 1.715947e+12 6.047406e+11     0.000000     0.000000     0.000000
     0.000000     0.000000     0.000000     0.000000     0.000000     0.000000
     0.000000     0.000000 3.452446e+12 1.032742e+12 3.894256e+12 2.013391e+12
 5.657765e+11 1.420095e+11 1.393940e+12 2.530047e+12 2.788983e+12 6.417774e+10
 2.862065e+10     0.000000     0.000000     0.000000     0.000000     0.000000
     0.000000     0.000000     0.000000     0.000000     0.000000     0.000000
     0.000000     0.000000     0.000000     0.000000     0.000000     0.000000
     0.000000     0.000000     0.000000     0.000000     0.000000     0.000000
     0.000000     0.000000 1.996906e+12 4.253635e+12 5.155946e+12 5.260495e+12
 5.349729e+12 3.793000e+12     0.000000     0.000000     0.000000     0.000000
     0.000000     0.000000     0.000000     0.000000 1.461395e+11     0.000000
     0.000000 5.918694e+11 4.354657e+12 3.614488e+12 4.146086e+12 4.280605e+12
 2.282107e+12 2.027690e+12 2.592728e+12 5.733228e+11     0.000000     0.000000
     0.000000     0.000000     0.000000     0.000000     0.000000     0.000000
     0.000000 1.417656e+12 3.359338e+12 1.620043e+11 2.542087e+12 2.652133e+12
 3.586257e+11 2.398377e+11     0.000000     0.000000     0.000000     0.000000
     0.000000     0.000000     0.000000     0.000000     0.000000     0.000000
     0.000000     0.000000     0.000000     0.000000     0.000000     0.000000
     0.000000     0.000000     0.000000     0.000000     0.000000     0.000000
     0.000000     0.000000     0.000000     0.000000     0.000000     0.000000
 4.135568e+10 3.298222e+11 1.526924e+12 3.473737e+12 4.399714e+12 3.260739e+12
 1.390370e+12 1.585475e+11     0.000000     0.000000     0.000000     0.000000
     0.000000     0.000000     0.000000 1.934501e+12 5.421621e+12 5.395958e+12
 3.980705e+12 3.595540e+12 3.512603e+12 3.558805e+12 3.996253e+12 3.202628e+12
 1.536042e+12 1.608428e+12 1.877062e+12 9.005771e+11     0.000000     0.000000
     0.000000     0.000000     0.000000 2.453251e+11 1.316399e+12     0.000000
     0.000000 6.940151e+11 5.913297e+11 5.619619e+10     0.000000 7.219099e+11
 2.944490e+11 5.591924e+11     0.000000     0.000000     0.000000     0.000000
     0.000000     0.000000     0.000000     0.000000     0.000000     0.000000
     0.000000     0.000000     0.000000     0.000000     0.000000     0.000000
     0.000000     0.000000     0.000000     0.000000     0.000000     0.000000
     0.000000     0.000000     0.000000     0.000000     0.000000 3.771099e+11
 1.096464e+12 1.374529e+12 6.299771e+10 6.404953e+11 4.653650e+11 1.681341e+11
     0.000000     0.000000     0.000000     0.000000     0.000000     0.000000
     0.000000     0.000000 4.249295e+10 2.685101e+12 2.307845e+12 1.829047e+12
 1.626399e+12 1.464133e+12 4.856217e+11 3.330995e+11 1.179189e+11 8.002768e+11
 6.563753e+11 3.930594e+11 4.452137e+11 1.089652e+11 1.514540e+10     0.000000
     0.000000     0.000000 1.057965e+11 1.932194e+12 2.845652e+10     0.000000
     0.000000 1.158923e+12 2.781590e+12 3.809511e+12     0.000000     0.000000
 2.973062e+11 1.430596e+11     0.000000     0.000000     0.000000     0.000000
     0.000000     0.000000     0.000000     0.000000     0.000000     0.000000
     0.000000     0.000000     0.000000     0.000000 1.327331e+10     0.000000
     0.000000     0.000000     0.000000     0.000000     0.000000     0.000000
     0.000000     0.000000     0.000000 5.017199e+11 1.426064e+12 2.767877e+12
 2.588254e+12 2.966314e+11 1.014757e+11 4.960628e+11 2.985495e+11 1.584048e+10
     0.000000     0.000000     0.000000     0.000000     0.000000     0.000000
     0.000000     0.000000 3.370640e+10 1.706020e+11 4.957279e+10 1.106860e+11
     0.000000 6.835547e+10 1.437782e+10 1.450348e+11 2.146156e+11 1.550154e+11
 4.083031e+11 9.666526e+10 2.521772e+11 3.638440e+11 2.070561e+11 2.757732e+10
     0.000000     0.000000 2.384330e+11 1.546324e+12 3.313867e+12     0.000000
 3.329493e+11 2.554549e+12 3.639497e+12 1.708126e+12 2.018462e+11     0.000000
 5.587398e+11     0.000000     0.000000     0.000000     0.000000     0.000000
     0.000000     0.000000     0.000000     0.000000     0.000000     0.000000
     0.000000     0.000000     0.000000     0.000000 6.526959e+10     0.000000
     0.000000     0.000000     0.000000     0.000000     0.000000     0.000000
     0.000000     0.000000 2.441547e+11 6.811417e+11 1.613959e+12     0.000000
 7.913616e+11 1.988025e+11 8.704653e+11 3.073930e+10     0.000000     0.000000
     0.000000     0.000000     0.000000     0.000000     0.000000     0.000000
     0.000000     0.000000 2.736710e+10 3.660870e+10 1.011816e+11 5.324807e+10
 1.650978e+10     0.000000 4.748509e+08 1.327167e+09 1.466217e+10 4.709223e+09
 1.892603e+10 1.186968e+11 1.017170e+11 1.633790e+11 1.461529e+11 3.526389e+10
     0.000000 2.688678e+10 8.107403e+11 5.080622e+11 3.255370e+12 1.925459e+12
 2.960527e+12 2.146309e+12 2.212448e+12 2.756966e+12 1.810096e+12 6.521382e+11
 9.362461e+10     0.000000     0.000000     0.000000     0.000000     0.000000
     0.000000     0.000000     0.000000     0.000000     0.000000     0.000000
     0.000000     0.000000     0.000000     0.000000     0.000000     0.000000
     0.000000     0.000000     0.000000     0.000000     0.000000     0.000000
     0.000000 3.826070e+10 4.172475e+11 8.113624e+11 1.433777e+12 1.422745e+11
     0.000000 1.057750e+12 8.594567e+10     0.000000     0.000000     0.000000
     0.000000     0.000000     0.000000     0.000000     0.000000     0.000000
     0.000000     0.000000 3.443857e+10 1.044243e+11 4.441632e+10 2.278121e+10
 4.609740e+10 2.549265e+10 3.671623e+10 3.050683e+09 7.459946e+08 9.318342e+06
 2.939248e+09 1.463660e+11 2.681963e+11 2.780574e+11 1.236401e+11 2.509407e+11
 3.209214e+11 2.764194e+11 1.358397e+12 5.149279e+11 9.483425e+11 1.035747e+12
 1.025512e+12 1.204272e+12 7.835380e+11 1.887883e+12 1.712701e+12 1.605590e+12
 2.236791e+11     0.000000     0.000000     0.000000     0.000000     0.000000
     0.000000     0.000000     0.000000     0.000000     0.000000     0.000000
     0.000000     0.000000     0.000000     0.000000     0.000000     0.000000
     0.000000     0.000000     0.000000     0.000000     0.000000 1.565419e+09
 7.110840e+10 4.010523e+11 3.830941e+11 1.267663e+12 1.894012e+12 3.399455e+12
 3.259639e+12 3.303332e+12 3.228445e+11     0.000000     0.000000     0.000000
     0.000000     0.000000     0.000000     0.000000     0.000000     0.000000
     0.000000     0.000000     0.000000     0.000000 1.845114e+11 2.496011e+11
 2.541371e+11 4.117888e+10 4.631397e+10 5.684774e+09 5.095951e+09 8.751306e+09
 2.187285e+10 1.633066e+11 1.694481e+11 3.363060e+11 2.080638e+11 1.779733e+11
 2.714434e+11 6.020951e+11 1.157074e+12 4.272852e+11 3.720813e+08 1.873433e+09
 3.563895e+09 1.093236e+10 1.847217e+11 7.744464e+11 1.165428e+12 6.752981e+11
 5.527988e+10 4.787050e+09 2.026345e+11 1.009708e+11     0.000000     0.000000
     0.000000     0.000000     0.000000     0.000000     0.000000     0.000000
     0.000000     0.000000     0.000000     0.000000     0.000000     0.000000
     0.000000     0.000000     0.000000     0.000000     0.000000 2.095931e+11
 1.901391e+11 2.944855e+11 2.669994e+11 7.419108e+11 6.284115e+11 1.273483e+12
 1.424059e+12 1.498379e+12 1.458801e+12 1.136211e+10     0.000000     0.000000
     0.000000     0.000000     0.000000     0.000000     0.000000     0.000000
     0.000000     0.000000     0.000000     0.000000 4.646395e+11 3.783518e+11
 2.027794e+11 3.077122e+11 9.485515e+10 4.730651e+10 1.587374e+11 2.227174e+11
 3.812714e+11 4.924718e+11 6.673960e+11 4.619671e+11 1.297483e+11 2.387136e+11
 2.619588e+11 4.696750e+11 4.161675e+10 4.010877e+10 1.618449e+11 2.008959e+11
 3.057737e+10 5.582070e+09 7.070055e+10 2.734729e+11 3.382498e+11 3.440758e+11
 3.600968e+10 3.544229e+11 3.538367e+10 1.926782e+11 1.055676e+11     0.000000
     0.000000     0.000000     0.000000     0.000000     0.000000     0.000000
     0.000000     0.000000     0.000000     0.000000     0.000000     0.000000
     0.000000     0.000000     0.000000     0.000000     0.000000 3.090268e+11
 2.205098e+11 1.245085e+11 1.752498e+11 3.404029e+11 2.691238e+11 3.400008e+11
 3.445281e+11 2.887854e+11 4.815360e+11 3.851405e+11 2.824407e+10 1.225300e+10
     0.000000     0.000000     0.000000     0.000000     0.000000     0.000000
     0.000000     0.000000     0.000000     0.000000 2.688177e+11 3.391744e+11
 3.241649e+11 1.606882e+11 2.741953e+11 2.823146e+11 3.207108e+11 3.323541e+11
 2.036648e+11 1.781493e+11 2.753289e+11 2.521185e+11 3.938561e+09 2.512334e+10
 3.942430e+10 5.182757e+11 3.578204e+11 2.298720e+11 1.183857e+11 2.227308e+11
 7.946872e+10 1.657085e+10 1.302000e+10 2.327217e+10 6.592022e+10 2.751102e+11
 2.594268e+11 2.623515e+11 7.686593e+10 3.585986e+09 8.914871e+10 1.318161e+09
     0.000000     0.000000     0.000000     0.000000     0.000000     0.000000
     0.000000     0.000000     0.000000     0.000000     0.000000     0.000000
     0.000000     0.000000     0.000000     0.000000 5.292986e+09 2.034188e+11
 1.974837e+11 1.285691e+11 2.484354e+11 2.099369e+11 1.413677e+11 3.118146e+11
 1.278419e+11 1.328593e+11 1.857510e+11 1.630736e+11 1.168472e+11 2.614517e+10
 2.066514e+10 1.047903e+10     0.000000     0.000000     0.000000     0.000000
     0.000000     0.000000     0.000000     0.000000     0.000000 8.257775e+10
 3.823973e+11 3.258119e+11 2.494967e+11 4.978577e+11 3.357433e+11 3.386026e+11
 2.062224e+11 1.934565e+11 4.585974e+11 4.203354e+11 3.765482e+11 3.958568e+11
 3.744106e+11 5.242505e+11 3.822128e+11 5.298276e+11 3.621181e+11 1.938468e+11
 1.095635e+10 7.874659e+09 2.663529e+10 2.678138e+10 3.681167e+10 6.343938e+10
 1.637843e+11 1.439747e+11 2.294850e+11 9.061400e+10 1.645235e+10 3.172031e+09
     0.000000     0.000000     0.000000     0.000000     0.000000     0.000000
     0.000000 7.529956e+08 9.800104e+08 2.110917e+08     0.000000     0.000000
     0.000000     0.000000     0.000000 8.134948e+09 3.307226e+10 2.944411e+10
 5.809175e+10 1.156127e+11 1.981618e+11 2.778849e+11 1.998431e+11 1.750532e+11
 5.981864e+10 3.102747e+10 3.951187e+10 3.769287e+10 2.260443e+10 3.129208e+10
 8.983733e+09     0.000000     0.000000     0.000000     0.000000     0.000000
     0.000000     0.000000     0.000000 1.345847e+08 5.479926e+10 1.239347e+11
 5.317928e+10 1.585430e+11 2.587351e+11 3.549093e+11 4.516109e+11 4.378911e+11
 3.578938e+11 3.205429e+11 3.497006e+11 3.540284e+11 2.808961e+11 2.742794e+11
 2.165902e+11 1.335759e+11 1.398945e+11 1.448857e+11 1.750692e+11 1.370937e+11
 5.298887e+10 2.351922e+10 8.585987e+10 5.733640e+10 7.723901e+10 8.601240e+10
 8.670020e+10 1.164137e+11 6.341072e+10 5.389707e+10 1.368554e+10     0.000000
     0.000000 2.484844e+09     0.000000     0.000000     0.000000     0.000000
     0.000000 2.867393e+08     0.000000 1.253238e+09 1.200678e+10 1.541532e+09
     0.000000 2.551986e+09 1.330300e+09 1.997917e+10 1.124849e+10 5.424014e+10
 3.480845e+11 3.427117e+11 3.446288e+11 1.579711e+11 2.440564e+10 9.683688e+09
 2.953990e+09     0.000000 4.778354e+09 3.460188e+09 4.639383e+09 9.141025e+09
 3.230434e+08     0.000000     0.000000     0.000000     0.000000     0.000000
     0.000000     0.000000     0.000000     0.000000 3.007870e+10 5.833325e+10
     0.000000 5.326268e+10 1.110121e+11 5.882705e+10 1.059945e+11 2.445652e+11
 2.478021e+11 3.243419e+11 3.222523e+11 2.236753e+11 1.428946e+11 1.504836e+11
 9.936116e+10 1.511953e+11 1.027351e+11 6.405154e+10 1.090178e+11 3.260224e+11
 3.511563e+11 3.880462e+11 2.183889e+11 5.834630e+10 1.937778e+10 1.442621e+10
 2.730644e+10 2.030314e+10 2.008961e+10 1.100419e+10 2.707937e+09 4.716136e+08
 4.182273e+08 5.161899e+09 2.339882e+09     0.000000     0.000000     0.000000
     0.000000 3.362671e+08 1.045940e+08 1.219948e+10 3.205763e+10 2.503398e+10
 1.962937e+10 1.909897e+10 2.026374e+10 1.762618e+10 9.023852e+09 4.331674e+10
 5.108904e+10 4.489481e+10 9.867407e+09 1.933275e+09 1.215553e+09 1.372035e+09
 4.938764e+08 9.566062e+08 2.161519e+09 2.947739e+09 1.794749e+09 1.928839e+08
     0.000000 2.192631e+09 3.521137e+09 3.455397e+09     0.000000     0.000000
     0.000000 5.459620e+08 3.610116e+09     0.000000 1.523616e+08     0.000000
     0.000000 4.304672e+10 7.046752e+10 5.989640e+10 6.418657e+10 9.324329e+10
 5.076302e+10 6.106623e+10 3.356416e+10 3.943856e+10 4.788468e+10 2.538799e+10
 2.810758e+10 2.082787e+10 1.010235e+10 9.992457e+09 1.645777e+10 1.680142e+10
 1.088195e+10 1.381441e+10 1.313492e+10 8.832478e+09 1.076114e+10 2.571813e+10
 1.944255e+10 1.766416e+10 1.470221e+10 6.531083e+09 3.669695e+09 1.183082e+09
 1.962567e+09 8.531830e+08 4.674143e+08 6.145254e+08 3.148577e+09 1.670941e+09
 1.024992e+09 8.841598e+07 9.044920e+08 5.068960e+09 9.729946e+09 7.569617e+09
 1.429969e+10 1.435945e+10 4.766541e+09 5.235158e+09 5.389306e+09 1.780585e+09
 1.658980e+09 1.644088e+09 1.493579e+09 9.873430e+08 1.311133e+09 9.829076e+08
 4.134602e+08 3.549608e+08 5.996899e+08 1.993486e+09 1.359299e+09 5.080603e+08
     0.000000 4.009881e+09 1.660278e+09 7.541229e+08 1.450278e+09 1.489933e+09
 2.382529e+08 1.343887e+09 1.046974e+09     0.000000     0.000000     0.000000
     0.000000     0.000000 3.162041e+09 9.183811e+09 2.389895e+10 3.428502e+10
 1.557992e+10 4.041814e+09 5.139215e+09 7.301688e+09 6.191805e+09 1.964905e+09
 2.220770e+09 6.189365e+08 1.023732e+09 3.176529e+09 8.544034e+09 9.783998e+09
 1.876550e+09 5.745473e+08 3.521066e+08 5.201869e+08 6.452129e+08 2.426872e+09
 2.433166e+09 9.010882e+08 3.854802e+09 1.819376e+09 1.664591e+09 1.081133e+09
 8.413902e+08 1.405206e+09 8.700270e+08 4.167263e+08 2.677611e+08 3.108099e+08
 1.273140e+07     0.000000     0.000000 6.575141e+07 1.356884e+08 3.302776e+07
 1.146297e+07     0.000000     0.000000     0.000000 6.294059e+07 4.449691e+08
 7.734931e+08 7.181604e+08 6.116783e+08 2.666969e+08 3.571343e+08 3.115959e+08
 3.084154e+08 5.082436e+08 4.333731e+08 2.236619e+08 7.881736e+07     0.000000
 4.463561e+08 1.562638e+09 1.605924e+08 2.845074e+07 1.519132e+07 4.507354e+07
 7.151103e+08 1.092679e+09 6.143340e+07     0.000000 6.738360e+07     0.000000
     0.000000     0.000000     0.000000     0.000000 1.365857e+09 1.098611e+09
     0.000000     0.000000     0.000000     0.000000 9.571552e+08 1.287583e+09
     0.000000 6.455588e+08 7.666709e+08 8.899278e+08 9.739406e+08 1.531907e+09
 2.403290e+09 3.470347e+09 3.321978e+09 3.498324e+09 3.305098e+09 1.489032e+09
 7.879363e+08 5.088016e+08 4.069866e+08 3.318582e+08 4.407752e+08 1.421716e+08
 7.469908e+07 2.918901e+07     0.000000     0.000000     0.000000 2.549605e+07
     0.000000     0.000000     0.000000     0.000000     0.000000     0.000000
     0.000000     0.000000     0.000000     0.000000     0.000000 2.862396e+07
 1.723845e+08 1.703159e+08 1.784501e+08 2.176095e+08 1.887120e+08 1.767198e+08
 2.906380e+08 4.776757e+08 2.199082e+08 1.024811e+08 3.954569e+08 3.525204e+08
 2.825627e+08 5.938486e+07 1.973558e+07 9.669598e+06 1.298957e+07 2.373071e+07
 6.884319e+07 4.591408e+08 1.058723e+08     0.000000     0.000000     0.000000
     0.000000     0.000000 9.677900e+08 2.208894e+09 1.269579e+09 1.220236e+08
     0.000000     0.000000     0.000000     0.000000     0.000000 1.921245e+08
 5.553117e+08 2.426376e+08     0.000000     0.000000     0.000000 3.613132e+07
 2.417930e+08 3.554344e+08 5.035156e+08 2.893677e+08 2.175517e+08     0.000000
     0.000000     0.000000     0.000000 3.170368e+07 4.439011e+07 9.694098e+06
 2.631406e+06     0.000000     0.000000     0.000000     0.000000     0.000000
     0.000000     0.000000     0.000000     0.000000     0.000000     0.000000
     0.000000     0.000000     0.000000     0.000000     0.000000     0.000000
     0.000000     0.000000     0.000000     0.000000 1.937824e+07 2.180830e+07
 4.398355e+07 4.596475e+07 2.706979e+07 5.817604e+07 6.323791e+07 4.608072e+07
 4.935704e+07 6.586916e+07 7.912486e+07 5.191416e+07 4.325922e+07 7.505658e+07
 9.987369e+07 7.064286e+07 7.457509e+07 2.807169e+07     0.000000     0.000000
     0.000000     0.000000     0.000000 1.904278e+08 4.157933e+08 1.366938e+08
     0.000000     0.000000     0.000000 6.760346e+07 3.981470e+07 1.483315e+08
 1.113778e+08     0.000000     0.000000     0.000000     0.000000     0.000000
 4.027215e+07 4.242003e+07     0.000000     0.000000     0.000000     0.000000
     0.000000     0.000000     0.000000     0.000000     0.000000     0.000000
     0.000000     0.000000     0.000000     0.000000     0.000000     0.000000
     0.000000     0.000000     0.000000     0.000000     0.000000     0.000000
     0.000000     0.000000     0.000000     0.000000     0.000000     0.000000
     0.000000     0.000000     0.000000     0.000000     0.000000     0.000000
     0.000000     0.000000     0.000000     0.000000     0.000000     0.000000
     0.000000     0.000000     0.000000     0.000000     0.000000     0.000000
     0.000000     0.000000     0.000000     0.000000     0.000000     0.000000
     0.000000     0.000000     0.000000     0.000000     0.000000     0.000000
     0.000000     0.000000     0.000000     0.000000     0.000000     0.000000
     0.000000     0.000000     0.000000     0.000000     0.000000     0.000000
     0.000000     0.000000     0.000000     0.000000     0.000000     0.000000
     0.000000     0.000000     0.000000     0.000000     0.000000     0.000000
     0.000000     0.000000     0.000000     0.000000     0.000000     0.000000
