     0.000000     0.000000     0.000000     0.000000     0.000000     0.000000
     0.000000     0.000000     0.000000     0.000000     0.000000     0.000000
     0.000000     0.000000     0.000000     0.000000     0.000000     0.000000
     0.000000     0.000000     0.000000     0.000000     0.000000     0.000000
     0.000000     0.000000     0.000000     0.000000     0.000000     0.000000
     0.000000     0.000000     0.000000     0.000000     0.000000     0.000000
     0.000000     0.000000     0.000000     0.000000     0.000000     0.000000
     0.000000     0.000000     0.000000     0.000000     0.000000     0.000000
     0.000000     0.000000     0.000000     0.000000     0.000000     0.000000
     0.000000     0.000000     0.000000     0.000000     0.000000     0.000000
     0.000000     0.000000     0.000000     0.000000     0.000000     0.000000
     0.000000     0.000000     0.000000     0.000000     0.000000     0.000000
     0.000000     0.000000     0.000000     0.000000     0.000000     0.000000
     0.000000     0.000000     0.000000     0.000000     0.000000     0.000000
     0.000000     0.000000     0.000000     0.000000     0.000000     0.000000
     0.000000     0.000000     0.000000     0.000000     0.000000     0.000000
     0.000000     0.000000     0.000000     0.000000     0.000000     0.000000
     0.000000     0.000000     0.000000     0.000000     0.000000     0.000000
     0.000000     0.000000     0.000000     0.000000     0.000000     0.000000
     0.000000     0.000000     0.000000     0.000000     0.000000     0.000000
     0.000000     0.000000     0.000000     0.000000     0.000000     0.000000
     0.000000     0.000000     0.000000     0.000000     0.000000     0.000000
     0.000000     0.000000     0.000000     0.000000     0.000000     0.000000
     0.000000     0.000000     0.000000     0.000000     0.000000     0.000000
     0.000000     0.000000     0.000000     0.000000     0.000000     0.000000
     0.000000     0.000000     0.000000     0.000000     0.000000     0.000000
     0.000000     0.000000     0.000000     0.000000     0.000000     0.000000
     0.000000     0.000000     0.000000     0.000000     0.000000     0.000000
     0.000000     0.000000     0.000000     0.000000     0.000000     0.000000
     0.000000     0.000000     0.000000     0.000000     0.000000     0.000000
     0.000000     0.000000     0.000000     0.000000     0.000000     0.000000
     0.000000     0.000000     0.000000     0.000000     0.000000     0.000000
     0.000000     0.000000     0.000000     0.000000     0.000000     0.000000
     0.000000     0.000000     0.000000     0.000000     0.000000     0.000000
     0.000000     0.000000     0.000000     0.000000     0.000000     0.000000
     0.000000     0.000000     0.000000     0.000000     0.000000     0.000000
     0.000000     0.000000     0.000000     0.000000     0.000000     0.000000
     0.000000     0.000000     0.000000     0.000000     0.000000     0.000000
     0.000000     0.000000     0.000000     0.000000     0.000000     0.000000
     0.000000     0.000000     0.000000     0.000000     0.000000     0.000000
     0.000000     0.000000     0.000000     0.000000     0.000000     0.000000
     0.000000     0.000000     0.000000     0.000000     0.000000     0.000000
     0.000000     0.000000     0.000000     0.000000     0.000000     0.000000
     0.000000     0.000000     0.000000     0.000000     0.000000     0.000000
     0.000000     0.000000     0.000000     0.000000     0.000000     0.000000
     0.000000     0.000000     0.000000     0.000000     0.000000     0.000000
     0.000000     0.000000     0.000000     0.000000     0.000000     0.000000
     0.000000     0.000000     0.000000     0.000000     0.000000     0.000000
     0.000000     0.000000     0.000000     0.000000     0.000000     0.000000
     0.000000     0.000000     0.000000     0.000000     0.000000     0.000000
     0.000000     0.000000     0.000000     0.000000     0.000000     0.000000
     0.000000     0.000000     0.000000     0.000000     0.000000     0.000000
     0.000000     0.000000     0.000000     0.000000     0.000000     0.000000
     0.000000     0.000000     0.000000     0.000000     0.000000     0.000000
     0.000000     0.000000     0.000000     0.000000     0.000000     0.000000
     0.000000     0.000000     0.000000     0.000000     0.000000     0.000000
     0.000000     0.000000     0.000000     0.000000     0.000000     0.000000
     0.000000     0.000000     0.000000     0.000000     0.000000     0.000000
     0.000000     0.000000     0.000000     0.000000     0.000000     0.000000
     0.000000     0.000000     0.000000     0.000000     0.000000     0.000000
     0.000000     0.000000     0.000000     0.000000     0.000000     0.000000
     0.000000     0.000000     0.000000     0.000000     0.000000     0.000000
     0.000000     0.000000     0.000000     0.000000     0.000000     0.000000
     0.000000     0.000000     0.000000     0.000000     0.000000     0.000000
     0.000000     0.000000     0.000000     0.000000     0.000000     0.000000
     0.000000     0.000000     0.000000     0.000000     0.000000     0.000000
     0.000000     0.000000     0.000000     0.000000     0.000000     0.000000
     0.000000     0.000000     0.000000     0.000000     0.000000     0.000000
     0.000000     0.000000     0.000000     0.000000     0.000000     0.000000
     0.000000     0.000000     0.000000     0.000000     0.000000     0.000000
     0.000000     0.000000     0.000000     0.000000     0.000000     0.000000
     0.000000     0.000000     0.000000     0.000000     0.000000     0.000000
     0.000000     0.000000     0.000000     0.000000     0.000000     0.000000
     0.000000     0.000000     0.000000     0.000000     0.000000     0.000000
     0.000000     0.000000     0.000000     0.000000     0.000000     0.000000
     0.000000     0.000000     0.000000     0.000000 2.483970e+09     0.000000
     0.000000     0.000000     0.000000     0.000000     0.000000     0.000000
     0.000000     0.000000     0.000000     0.000000     0.000000     0.000000
     0.000000     0.000000     0.000000     0.000000     0.000000     0.000000
     0.000000     0.000000     0.000000     0.000000     0.000000     0.000000
     0.000000     0.000000     0.000000     0.000000     0.000000     0.000000
     0.000000     0.000000     0.000000     0.000000     0.000000     0.000000
     0.000000     0.000000     0.000000     0.000000     0.000000     0.000000
     0.000000     0.000000     0.000000     0.000000     0.000000     0.000000
     0.000000     0.000000     0.000000     0.000000     0.000000     0.000000
     0.000000     0.000000     0.000000     0.000000     0.000000     0.000000
     0.000000     0.000000     0.000000     0.000000     0.000000     0.000000
     0.000000     0.000000     0.000000 2.210387e+09 1.309467e+09     0.000000
 2.809779e+09     0.000000     0.000000     0.000000 1.163891e+09     0.000000
     0.000000     0.000000     0.000000     0.000000     0.000000     0.000000
     0.000000     0.000000     0.000000     0.000000     0.000000     0.000000
     0.000000     0.000000     0.000000     0.000000     0.000000     0.000000
     0.000000     0.000000     0.000000     0.000000     0.000000     0.000000
     0.000000     0.000000     0.000000     0.000000     0.000000     0.000000
     0.000000     0.000000     0.000000     0.000000     0.000000     0.000000
     0.000000     0.000000     0.000000     0.000000     0.000000     0.000000
     0.000000     0.000000     0.000000     0.000000     0.000000     0.000000
     0.000000     0.000000     0.000000     0.000000     0.000000     0.000000
     0.000000     0.000000     0.000000     0.000000     0.000000     0.000000
     0.000000     0.000000     0.000000 6.784752e+09 1.117460e+08     0.000000
     0.000000     0.000000     0.000000     0.000000     0.000000     0.000000
     0.000000     0.000000     0.000000     0.000000     0.000000     0.000000
     0.000000     0.000000     0.000000     0.000000     0.000000     0.000000
     0.000000     0.000000     0.000000     0.000000     0.000000     0.000000
     0.000000     0.000000     0.000000     0.000000     0.000000     0.000000
     0.000000     0.000000     0.000000     0.000000     0.000000     0.000000
     0.000000     0.000000     0.000000     0.000000     0.000000     0.000000
     0.000000     0.000000     0.000000 1.565896e+10 2.136761e+09     0.000000
 3.751193e+09     0.000000     0.000000     0.000000     0.000000     0.000000
     0.000000     0.000000     0.000000     0.000000     0.000000     0.000000
     0.000000     0.000000     0.000000     0.000000     0.000000     0.000000
     0.000000     0.000000     0.000000 3.928293e+10 3.058368e+10 2.053580e+10
     0.000000     0.000000     0.000000     0.000000     0.000000     0.000000
     0.000000     0.000000     0.000000     0.000000     0.000000     0.000000
     0.000000     0.000000     0.000000     0.000000     0.000000     0.000000
     0.000000     0.000000     0.000000     0.000000     0.000000     0.000000
     0.000000     0.000000     0.000000     0.000000     0.000000     0.000000
     0.000000     0.000000     0.000000     0.000000     0.000000     0.000000
     0.000000     0.000000     0.000000     0.000000     0.000000 4.209141e+10
     0.000000     0.000000     0.000000 5.434841e+09 3.792623e+10 2.464233e+10
     0.000000     0.000000     0.000000     0.000000     0.000000     0.000000
     0.000000     0.000000     0.000000     0.000000     0.000000     0.000000
     0.000000     0.000000     0.000000     0.000000     0.000000     0.000000
     0.000000     0.000000     0.000000 1.050700e+11 3.102118e+11 2.773366e+11
 8.475858e+10     0.000000     0.000000     0.000000     0.000000     0.000000
     0.000000     0.000000     0.000000     0.000000     0.000000     0.000000
     0.000000     0.000000     0.000000     0.000000     0.000000     0.000000
     0.000000     0.000000     0.000000     0.000000     0.000000     0.000000
     0.000000     0.000000     0.000000     0.000000     0.000000     0.000000
     0.000000     0.000000     0.000000     0.000000     0.000000     0.000000
     0.000000     0.000000     0.000000 3.012188e+09 1.062700e+11 1.623014e+11
 8.247200e+09     0.000000     0.000000     0.000000 7.188028e+10 1.375911e+11
     0.000000     0.000000     0.000000     0.000000     0.000000     0.000000
     0.000000     0.000000     0.000000     0.000000     0.000000     0.000000
     0.000000     0.000000     0.000000     0.000000     0.000000     0.000000
     0.000000     0.000000     0.000000 3.740807e+10 4.865955e+11 5.370013e+11
 9.494272e+11 6.790716e+11     0.000000     0.000000     0.000000     0.000000
     0.000000     0.000000     0.000000     0.000000     0.000000     0.000000
     0.000000     0.000000     0.000000 2.175368e+10 1.395388e+11 3.530594e+11
 2.191755e+10     0.000000     0.000000     0.000000     0.000000     0.000000
     0.000000     0.000000     0.000000     0.000000     0.000000     0.000000
     0.000000     0.000000     0.000000     0.000000     0.000000 1.773817e+11
 3.374645e+11     0.000000 3.009799e+10 3.702453e+10 9.243389e+10 1.593599e+11
 1.618398e+11     0.000000     0.000000     0.000000     0.000000     0.000000
     0.000000     0.000000     0.000000     0.000000     0.000000     0.000000
     0.000000     0.000000     0.000000     0.000000     0.000000     0.000000
     0.000000     0.000000     0.000000     0.000000     0.000000     0.000000
     0.000000     0.000000     0.000000 3.217818e+08 2.241566e+11 1.575554e+12
 1.922007e+12 1.661078e+12 1.945882e+11     0.000000     0.000000     0.000000
     0.000000     0.000000     0.000000     0.000000     0.000000     0.000000
     0.000000     0.000000 1.047430e+10 1.059498e+11 6.752854e+11 6.988877e+11
 4.165792e+11     0.000000 1.159275e+10 2.782406e+10     0.000000     0.000000
     0.000000     0.000000     0.000000     0.000000     0.000000     0.000000
     0.000000     0.000000     0.000000     0.000000 1.205947e+10 9.367413e+10
 3.445982e+11 2.096037e+11 3.092295e+11 7.345735e+10 9.260827e+10 6.361769e+11
 5.083563e+11     0.000000     0.000000     0.000000     0.000000     0.000000
     0.000000     0.000000     0.000000     0.000000     0.000000     0.000000
     0.000000     0.000000     0.000000     0.000000     0.000000     0.000000
     0.000000     0.000000     0.000000     0.000000     0.000000     0.000000
     0.000000     0.000000     0.000000     0.000000 8.061561e+10 1.695249e+12
 3.567582e+12 2.090708e+12 1.682252e+12 7.335055e+11     0.000000     0.000000
     0.000000     0.000000     0.000000     0.000000     0.000000     0.000000
     0.000000     0.000000 2.309852e+10 1.038273e+12 7.926451e+11 1.017859e+12
 2.300625e+12 7.176948e+10 6.369265e+11 1.108624e+12     0.000000     0.000000
     0.000000     0.000000     0.000000     0.000000     0.000000     0.000000
     0.000000     0.000000     0.000000     0.000000 7.945402e+10 1.026568e+12
 1.452663e+12 8.327608e+11 6.535042e+11 2.759709e+11 1.222029e+12 2.069109e+12
 1.702180e+11     0.000000 1.799487e+10 4.174073e+10     0.000000     0.000000
 2.281669e+10     0.000000     0.000000     0.000000     0.000000     0.000000
 2.731784e+10     0.000000     0.000000     0.000000     0.000000     0.000000
     0.000000     0.000000     0.000000     0.000000     0.000000     0.000000
     0.000000     0.000000     0.000000 1.965634e+10 8.007744e+11 1.962781e+12
 3.331951e+12 4.279898e+12 3.474666e+12 2.678591e+12 6.516784e+11     0.000000
     0.000000     0.000000     0.000000     0.000000     0.000000     0.000000
     0.000000     0.000000 4.509261e+11 2.684949e+12 2.604818e+12 2.538359e+12
 2.385027e+12 1.405490e+12 6.017599e+11 2.472723e+12 2.943204e+10     0.000000
     0.000000     0.000000     0.000000     0.000000     0.000000     0.000000
     0.000000     0.000000     0.000000     0.000000     0.000000     0.000000
 1.786468e+12 3.961224e+12 2.229858e+12 1.852977e+12 4.938070e+12 7.353903e+11
     0.000000     0.000000     0.000000 3.094204e+10     0.000000 1.339203e+11
     0.000000     0.000000     0.000000     0.000000     0.000000     0.000000
     0.000000     0.000000     0.000000     0.000000     0.000000     0.000000
     0.000000     0.000000     0.000000     0.000000     0.000000     0.000000
     0.000000     0.000000 1.226703e+11 2.948934e+12 3.071352e+12 3.074039e+12
 3.272654e+12 4.676091e+12 3.758826e+12 3.360892e+12 1.272598e+12     0.000000
     0.000000     0.000000     0.000000     0.000000     0.000000     0.000000
     0.000000     0.000000 8.565637e+11 2.896001e+12 4.811646e+12 4.212770e+12
 2.530161e+12 4.498155e+12 2.637245e+11 5.672292e+11     0.000000     0.000000
     0.000000     0.000000     0.000000     0.000000     0.000000     0.000000
     0.000000     0.000000     0.000000     0.000000     0.000000     0.000000
 6.934876e+10 7.846339e+11 4.159370e+12 9.160096e+11 2.236307e+12 2.200825e+10
 3.206308e+10     0.000000 3.792002e+09     0.000000     0.000000     0.000000
     0.000000     0.000000     0.000000     0.000000     0.000000     0.000000
     0.000000     0.000000     0.000000     0.000000     0.000000     0.000000
     0.000000     0.000000     0.000000     0.000000     0.000000     0.000000
     0.000000 2.401054e+09 2.067018e+12 5.488164e+12 4.746485e+12 3.908058e+12
 3.729432e+12 3.801179e+12 4.563651e+12 4.286523e+12 3.146278e+12     0.000000
     0.000000     0.000000     0.000000     0.000000     0.000000     0.000000
     0.000000     0.000000 1.554210e+12 2.804360e+12 3.314878e+12 5.074586e+12
 3.220963e+12 2.863731e+12     0.000000     0.000000     0.000000     0.000000
     0.000000     0.000000     0.000000     0.000000     0.000000     0.000000
     0.000000     0.000000 1.086158e+11 5.306430e+11 5.771787e+11 2.724301e+11
 5.492459e+11 1.452619e+11 1.620719e+11 8.644324e+11 3.390404e+12 1.167792e+12
 1.160330e+11 4.648431e+10 1.252125e+10     0.000000     0.000000     0.000000
     0.000000     0.000000     0.000000     0.000000     0.000000     0.000000
     0.000000     0.000000     0.000000     0.000000     0.000000     0.000000
     0.000000     0.000000     0.000000     0.000000     0.000000     0.000000
     0.000000 3.691829e+11 4.962419e+12 6.606326e+12 6.561540e+12 5.697705e+12
 4.520140e+12 3.625869e+12 3.019225e+12 1.928159e+12 7.654221e+11     0.000000
     0.000000     0.000000     0.000000     0.000000     0.000000     0.000000
     0.000000 1.478822e+11 4.112413e+12 3.759749e+12 3.923478e+12 3.499124e+12
 1.664460e+12 2.622267e+12 7.676640e+11     0.000000     0.000000     0.000000
     0.000000     0.000000     0.000000     0.000000     0.000000     0.000000
     0.000000     0.000000 3.236540e+12 9.549964e+11 3.739478e+12 1.957963e+12
 6.121918e+11 1.967338e+11 1.440146e+12 2.512605e+12 2.616262e+12 6.176694e+10
 6.804258e+10     0.000000     0.000000     0.000000     0.000000     0.000000
     0.000000     0.000000     0.000000     0.000000     0.000000     0.000000
     0.000000     0.000000     0.000000     0.000000     0.000000     0.000000
     0.000000     0.000000     0.000000     0.000000     0.000000     0.000000
     0.000000     0.000000 2.300226e+12 4.377454e+12 5.555908e+12 5.181399e+12
 5.222180e+12 3.503986e+12     0.000000     0.000000     0.000000     0.000000
     0.000000     0.000000     0.000000     0.000000 2.034036e+11     0.000000
     0.000000 5.571308e+11 4.221000e+12 3.375546e+12 3.917768e+12 4.096409e+12
 2.445920e+12 3.155517e+12 2.650038e+12 3.573268e+11     0.000000     0.000000
     0.000000     0.000000     0.000000     0.000000     0.000000     0.000000
     0.000000 1.446618e+12 3.264092e+12 1.396349e+11 2.491223e+12 2.630747e+12
 3.585392e+11 2.270952e+11     0.000000     0.000000     0.000000     0.000000
     0.000000     0.000000     0.000000     0.000000     0.000000     0.000000
     0.000000     0.000000     0.000000     0.000000     0.000000     0.000000
     0.000000     0.000000     0.000000     0.000000     0.000000     0.000000
     0.000000     0.000000     0.000000     0.000000     0.000000     0.000000
 4.150462e+10 6.085552e+11 1.507616e+12 2.904581e+12 2.201271e+12 2.403519e+12
 1.179948e+12 1.780306e+11     0.000000     0.000000     0.000000     0.000000
     0.000000     0.000000     0.000000 1.620416e+12 4.571367e+12 3.475311e+12
 1.436266e+12 1.580625e+12 1.355935e+12 2.400733e+12 2.512790e+12 1.390310e+12
 6.220883e+11 1.607520e+12 1.557474e+12 1.739757e+11 2.274055e+10     0.000000
     0.000000     0.000000     0.000000 3.150669e+11 1.224575e+12     0.000000
     0.000000 7.688988e+11 5.690809e+11 1.060284e+11     0.000000 7.307914e+11
 3.023805e+11 5.145339e+11     0.000000     0.000000     0.000000     0.000000
     0.000000     0.000000     0.000000     0.000000     0.000000     0.000000
     0.000000     0.000000     0.000000     0.000000     0.000000     0.000000
     0.000000     0.000000     0.000000     0.000000     0.000000     0.000000
     0.000000     0.000000     0.000000     0.000000     0.000000 2.663133e+11
 1.067124e+12 1.471344e+12 1.373224e+10 2.041542e+11 3.073743e+11 1.731539e+11
     0.000000     0.000000     0.000000     0.000000     0.000000     0.000000
     0.000000     0.000000 2.589808e+10 1.953132e+12 7.728012e+11 6.541475e+11
 3.978534e+11 7.397491e+11 4.954729e+11 3.244446e+11 3.312739e+11 1.454301e+12
 1.324199e+12 3.510146e+11 8.242417e+11 3.554335e+10 9.573265e+09     0.000000
     0.000000     0.000000 1.079894e+11 1.628122e+12 3.547793e+10     0.000000
     0.000000 1.393277e+12 2.570851e+12 3.306482e+12     0.000000     0.000000
 3.275396e+11 1.442644e+11     0.000000     0.000000     0.000000     0.000000
     0.000000     0.000000     0.000000     0.000000     0.000000     0.000000
     0.000000     0.000000     0.000000     0.000000 1.798620e+10     0.000000
     0.000000     0.000000     0.000000     0.000000     0.000000     0.000000
     0.000000     0.000000     0.000000 5.335497e+11 1.108513e+12 2.409245e+12
 2.211653e+12 2.896034e+11 8.748812e+10 4.344764e+11 2.710442e+11 1.117951e+10
     0.000000     0.000000     0.000000     0.000000     0.000000     0.000000
     0.000000     0.000000 3.945494e+10 3.302665e+11 1.386894e+11 2.379350e+11
 2.827997e+11 6.149415e+11 3.445956e+09 5.748232e+10 6.115900e+11 7.157867e+11
 7.300177e+11 9.855904e+10 9.391333e+10 3.116282e+11 1.400190e+11 2.393559e+10
     0.000000     0.000000 4.291353e+11 6.535551e+11 1.727901e+12     0.000000
 4.095021e+11 2.348381e+12 3.423598e+12 1.368684e+12 1.406622e+11     0.000000
 6.286359e+11     0.000000     0.000000     0.000000     0.000000     0.000000
     0.000000     0.000000     0.000000     0.000000     0.000000     0.000000
     0.000000     0.000000     0.000000     0.000000 5.897932e+10     0.000000
     0.000000     0.000000     0.000000     0.000000     0.000000     0.000000
     0.000000     0.000000 2.553482e+11 4.664803e+11 1.091835e+12     0.000000
 7.219433e+11 2.011767e+11 8.176754e+11 2.851853e+10     0.000000     0.000000
     0.000000     0.000000     0.000000     0.000000     0.000000     0.000000
     0.000000     0.000000 2.048117e+10 2.179550e+10 1.347825e+11 2.587682e+10
 4.272436e+09 6.914721e+09 3.469308e+09 2.362450e+09 2.565354e+10 3.185417e+09
 2.252152e+09 5.746716e+10 7.135162e+10 6.069945e+10 1.034673e+11 4.377582e+10
     0.000000 3.266407e+10 1.035701e+12 3.775912e+11 1.078414e+12 1.697582e+12
 2.977560e+12 1.544303e+12 1.673935e+12 1.053829e+12 3.926341e+11 4.292698e+10
 4.019518e+10     0.000000     0.000000     0.000000     0.000000     0.000000
     0.000000     0.000000     0.000000     0.000000     0.000000     0.000000
     0.000000     0.000000     0.000000     0.000000     0.000000     0.000000
     0.000000     0.000000     0.000000     0.000000     0.000000     0.000000
     0.000000 4.408394e+10 3.288363e+11 4.090495e+11 9.425123e+11 8.848597e+10
 8.254003e+09 8.254508e+11 6.411914e+10     0.000000     0.000000     0.000000
     0.000000     0.000000     0.000000     0.000000     0.000000     0.000000
     0.000000     0.000000 2.381325e+10 7.011783e+10 5.092058e+10 1.453125e+10
 3.179076e+10 4.611919e+10 4.421838e+10 2.491851e+09     0.000000 2.025962e+07
 4.624933e+09 1.342777e+11 2.907235e+11 1.257620e+11 1.468213e+11 1.103963e+11
 1.778551e+11 1.796833e+11 4.878615e+11 7.709117e+11 9.250384e+11 6.769698e+11
 6.499696e+11 7.597823e+11 4.106580e+11 4.122819e+11 2.220263e+11 3.227072e+11
 8.539245e+10     0.000000     0.000000     0.000000     0.000000     0.000000
     0.000000     0.000000     0.000000     0.000000     0.000000     0.000000
     0.000000     0.000000     0.000000     0.000000     0.000000     0.000000
     0.000000     0.000000     0.000000     0.000000     0.000000 1.604339e+09
 4.296689e+10 2.081591e+11 1.468527e+11 2.865218e+11 8.596904e+11 1.594095e+12
 1.532121e+12 1.606216e+12 1.658052e+11     0.000000     0.000000     0.000000
     0.000000     0.000000     0.000000     0.000000     0.000000     0.000000
     0.000000     0.000000     0.000000     0.000000 2.536155e+11 2.617895e+11
 2.275532e+11 8.596464e+10 2.234151e+11 6.498879e+09 2.952144e+10 3.473727e+09
 3.147376e+10 2.561545e+11 1.571437e+11 2.545830e+11 9.965458e+10 1.067418e+11
 1.915693e+11 1.844897e+11 1.578740e+12 3.850985e+11 4.320957e+08 1.056875e+09
 3.554422e+08 4.802796e+08 5.368317e+10 2.597162e+11 4.178142e+11 2.748931e+11
 3.286889e+10 1.157702e+09 8.203084e+10 4.642877e+10     0.000000     0.000000
     0.000000     0.000000     0.000000     0.000000     0.000000     0.000000
     0.000000     0.000000     0.000000     0.000000     0.000000     0.000000
     0.000000     0.000000     0.000000     0.000000     0.000000 1.795239e+11
 8.032432e+10 8.482748e+10 4.754841e+10 1.794338e+11 2.108497e+11 3.601799e+11
 4.346762e+11 4.364689e+11 4.934077e+11 3.726833e+09     0.000000     0.000000
     0.000000     0.000000     0.000000     0.000000     0.000000     0.000000
     0.000000     0.000000     0.000000     0.000000 3.486556e+11 2.595722e+11
 1.612640e+11 1.879908e+11 8.754502e+10 1.541837e+10 9.642181e+10 1.069197e+11
 7.620769e+10 2.310442e+11 3.256932e+11 8.289581e+10 3.187225e+10 1.495077e+11
 2.593981e+11 2.401808e+11 6.615465e+09 2.364969e+10 9.631748e+10 1.161210e+11
 6.604437e+09 1.134543e+08 3.450741e+09 2.741199e+10 5.452909e+10 1.012216e+11
 5.118930e+09 2.923275e+10 1.074231e+10 5.082198e+10 2.530108e+10     0.000000
     0.000000     0.000000     0.000000     0.000000     0.000000     0.000000
     0.000000     0.000000     0.000000     0.000000     0.000000     0.000000
     0.000000     0.000000     0.000000     0.000000     0.000000 1.614917e+11
 5.970607e+10 2.443584e+10 1.611654e+10 4.861516e+10 4.478142e+10 5.036505e+10
 5.144093e+10 4.725470e+10 8.169556e+10 6.894428e+10 9.137314e+09 5.155400e+09
     0.000000     0.000000     0.000000     0.000000     0.000000     0.000000
     0.000000     0.000000     0.000000     0.000000 1.771422e+11 1.449215e+11
 1.655629e+11 6.726706e+10 1.143479e+11 1.191181e+11 1.067330e+11 1.123753e+11
 3.548095e+10 2.785415e+10 4.463440e+10 5.794035e+10 1.040007e+10 3.113252e+10
 2.948607e+10 1.985958e+11 6.030991e+10 3.162993e+10 2.305706e+10 6.142882e+10
 2.171698e+10 1.892644e+09 1.100701e+09 2.748315e+09 1.473225e+10 1.632025e+10
 1.069182e+10 4.464113e+09 1.845936e+09 2.856010e+08 5.675003e+09 8.865832e+07
     0.000000     0.000000     0.000000     0.000000     0.000000     0.000000
     0.000000     0.000000     0.000000     0.000000     0.000000     0.000000
     0.000000     0.000000     0.000000     0.000000 3.272998e+09 1.045769e+11
 8.984846e+10 3.243209e+10 3.921863e+10 2.402142e+10 9.717666e+09 2.379787e+10
 1.150441e+10 6.185798e+09 6.224904e+09 5.492050e+09 1.419736e+10 7.938749e+09
 7.418893e+08 2.603294e+09     0.000000     0.000000     0.000000     0.000000
     0.000000     0.000000     0.000000     0.000000     0.000000 4.483131e+10
 1.538468e+11 1.112202e+11 7.436651e+10 1.356522e+11 8.321189e+10 6.985481e+10
 4.840180e+10 3.599011e+10 7.833315e+10 8.287689e+10 5.670605e+10 4.348088e+10
 3.051505e+10 2.927095e+10 1.102612e+10 2.551642e+10 1.875950e+10 4.322107e+09
 7.746927e+08 2.854845e+08 1.416199e+09 3.893195e+09 8.437973e+09 5.483137e+09
 5.139208e+09 4.743623e+09 4.594670e+09 5.108382e+09 1.338090e+09     0.000000
     0.000000     0.000000     0.000000     0.000000     0.000000     0.000000
 2.254363e+08 3.329790e+08 4.115473e+08     0.000000     0.000000     0.000000
     0.000000     0.000000     0.000000 3.771035e+09 1.366972e+10 1.311753e+10
 1.926226e+10 1.296934e+10 1.892349e+10 7.866949e+09 4.716366e+09 5.328031e+09
 1.885512e+09 1.183199e+09 1.118845e+09 1.135297e+09 1.948697e+09 6.719382e+08
 6.484856e+08     0.000000     0.000000     0.000000     0.000000     0.000000
     0.000000     0.000000     0.000000     0.000000 2.865547e+10 6.305178e+10
 2.415378e+10 6.023791e+10 8.483147e+10 8.700673e+10 9.484863e+10 7.728735e+10
 3.774039e+10 1.407219e+10 2.687355e+10 1.886912e+10 1.488374e+10 7.308728e+09
 2.473946e+09 1.866598e+09 2.472439e+09 7.695946e+09 3.541936e+09 2.482564e+09
 1.488706e+09 1.345873e+09 5.815375e+09 6.185514e+09 5.139969e+09 1.437439e+09
 4.367909e+09 4.109002e+09 2.340089e+09 8.085335e+08 8.111623e+08     0.000000
     0.000000 1.208395e+10 1.306690e+09     0.000000     0.000000     0.000000
     0.000000 8.863870e+07     0.000000 4.649389e+08 4.061668e+09 2.473189e+09
 6.751005e+08 8.586638e+08 1.293918e+09 5.806921e+09 2.766449e+09 6.240029e+09
 1.983169e+10 1.944928e+10 8.908882e+09 6.345335e+07 5.229654e+08 6.322580e+08
 1.029759e+09 1.100513e+08 1.705314e+09 3.962794e+09 3.151239e+09 3.387415e+09
 1.053393e+08     0.000000     0.000000     0.000000     0.000000     0.000000
     0.000000     0.000000     0.000000     0.000000 5.730473e+09 2.469849e+10
     0.000000 7.945634e+09 2.342472e+10 1.349327e+10 1.785886e+10 3.494116e+10
 2.605312e+10 2.913498e+10 3.053350e+10 1.269347e+10 3.958872e+09 1.773425e+09
 3.816390e+09 2.004411e+09 5.931877e+08 4.765380e+08 1.326407e+09 1.107720e+10
 1.794995e+10 2.201129e+10 1.343208e+10 2.150051e+09 6.709466e+08 5.470581e+08
 2.748788e+08 5.585717e+08 3.899999e+08 7.135133e+08 4.066079e+08 3.875718e+08
 1.099242e+09 5.598941e+09 4.428589e+09     0.000000     0.000000     0.000000
     0.000000 2.223816e+08 1.141275e+09 5.831540e+09 5.498181e+09 3.334516e+09
 2.750210e+09 1.068895e+09 6.062325e+08 3.017494e+08 8.670962e+08 4.948812e+08
 1.158735e+09 8.144473e+08 9.953694e+08 1.319016e+09 1.090272e+09 5.141813e+08
 8.058099e+07 1.471465e+08 4.534316e+08 5.932467e+08 3.090966e+08 5.047581e+07
     0.000000 1.024021e+09 2.596692e+09 1.784106e+09     0.000000     0.000000
     0.000000 2.166751e+09 2.811172e+09 1.244145e+08     0.000000 1.317904e+07
     0.000000 3.834942e+09 5.195000e+09 5.727399e+09 1.026694e+10 5.668923e+09
 9.999154e+08 2.978734e+09 3.121085e+09 4.111118e+09 2.139145e+09 1.161313e+09
 5.242837e+08 5.467498e+08 1.684935e+09 9.433129e+08 3.207713e+07 3.688287e+08
 4.945337e+08 4.052453e+08 5.582326e+08 1.690788e+09 1.331546e+09 1.949354e+09
 1.119806e+09 1.028218e+09 1.395511e+09 6.447331e+08 3.665732e+08 6.580893e+08
 1.069260e+09 5.160963e+08 1.206638e+09 3.191842e+09 1.550201e+09 8.545766e+08
 3.342243e+08 3.920738e+08 3.880348e+08 1.310436e+09 1.429914e+09 3.264214e+08
 2.212514e+08 1.539873e+08 5.863395e+08 1.294115e+09 7.708172e+08 5.008800e+08
 8.320566e+08 3.886831e+08 1.770529e+08 1.173082e+08 1.615098e+08 1.339961e+08
 1.009311e+08 6.153154e+07 8.750237e+07 2.546782e+08 1.668095e+08 6.586751e+07
     0.000000 1.942501e+09 3.858599e+08 2.308485e+08 4.341111e+08 3.976523e+08
 4.261528e+07 1.880478e+09 2.754659e+09 8.389016e+08     0.000000     0.000000
     0.000000     0.000000 3.318708e+08 2.510563e+09 2.153262e+09 2.142088e+09
 1.089571e+09 3.197663e+09 1.774972e+09 2.812056e+09 2.493269e+09 1.573845e+09
 1.291635e+09 1.064437e+09 1.016588e+09 1.798050e+09 2.286108e+09 8.793154e+08
 3.691693e+08 3.803284e+08 4.246945e+08 4.730781e+08 5.612774e+08 8.136925e+08
 1.334387e+09 4.298689e+08 2.797295e+08 1.642685e+08 2.714535e+08 3.500391e+08
 4.864641e+08 2.797740e+08 5.485465e+08 1.653621e+09 4.311643e+08 3.340787e+08
 6.483886e+06     0.000000     0.000000 1.550642e+07 8.021334e+07 2.609195e+07
 2.022747e+07     0.000000     0.000000     0.000000 1.075174e+07 3.917705e+07
 7.915813e+07 7.902422e+07 5.939971e+07 2.530821e+07 3.228049e+07 3.129217e+07
 5.227989e+07 5.086401e+07 4.615811e+07 1.867799e+07 4.390491e+06     0.000000
 5.763779e+07 1.635907e+08 2.073217e+07 1.096298e+06 1.366867e+06 2.929110e+06
 8.239013e+07 1.187582e+08 7.728179e+06     0.000000 1.089968e+07     0.000000
     0.000000     0.000000     0.000000     0.000000 1.037896e+09 1.654182e+09
 2.150669e+08     0.000000     0.000000     0.000000 2.693129e+08 2.313179e+08
     0.000000 1.490768e+08 1.612698e+08 1.267013e+08 1.156351e+08 1.938116e+08
 3.224047e+08 4.344337e+08 3.436814e+08 2.640167e+08 2.776281e+08 5.305796e+08
 3.419441e+08 1.201818e+08 5.751106e+07 6.191889e+07 1.786405e+08 5.083052e+07
 1.530588e+07 2.237930e+07     0.000000     0.000000     0.000000 7.167681e+06
     0.000000     0.000000     0.000000     0.000000     0.000000     0.000000
     0.000000     0.000000     0.000000     0.000000     0.000000 2.284365e+06
 2.147026e+07 1.352720e+07 1.465966e+07 1.636402e+07 1.227400e+07 1.204387e+07
 1.959150e+07 3.327892e+07 1.469993e+07 7.245449e+06 2.998085e+07 3.042649e+07
 2.926314e+07 5.311943e+06 1.267485e+06      471025.      713454. 1.319605e+06
 3.901698e+06 3.609112e+07 1.116757e+07     0.000000     0.000000     0.000000
     0.000000     0.000000 2.244256e+08 5.349558e+08 3.236305e+08 2.606968e+07
     0.000000     0.000000     0.000000     0.000000     0.000000 2.823871e+07
 1.061844e+08 4.957216e+07     0.000000     0.000000     0.000000 3.412615e+06
 2.243066e+07 3.697003e+07 5.628227e+07 2.790336e+07 2.008198e+07     0.000000
     0.000000     0.000000     0.000000 1.134481e+06 1.926047e+06      621785.
      186387.     0.000000     0.000000     0.000000     0.000000     0.000000
     0.000000     0.000000     0.000000     0.000000     0.000000     0.000000
     0.000000     0.000000     0.000000     0.000000     0.000000     0.000000
     0.000000     0.000000     0.000000     0.000000 2.354675e+06      675169.
 1.335153e+06 1.766469e+06 1.211751e+06 3.458212e+06 4.951506e+06 3.956864e+06
 4.228398e+06 4.945883e+06 4.803151e+06 2.422704e+06 1.691062e+06 3.089276e+06
 4.595499e+06 3.815894e+06 5.345631e+06 2.284811e+06     0.000000     0.000000
     0.000000     0.000000     0.000000 4.097036e+07 9.022387e+07 2.915948e+07
     0.000000     0.000000     0.000000 1.904428e+07 1.144188e+07 2.118848e+07
 1.637302e+07     0.000000     0.000000     0.000000     0.000000     0.000000
 3.319758e+06 3.104710e+06     0.000000     0.000000     0.000000     0.000000
     0.000000     0.000000     0.000000     0.000000     0.000000     0.000000
     0.000000     0.000000     0.000000     0.000000     0.000000     0.000000
     0.000000     0.000000     0.000000     0.000000     0.000000     0.000000
     0.000000     0.000000     0.000000     0.000000     0.000000     0.000000
     0.000000     0.000000     0.000000     0.000000     0.000000     0.000000
     0.000000     0.000000     0.000000     0.000000     0.000000     0.000000
     0.000000     0.000000     0.000000     0.000000     0.000000     0.000000
     0.000000     0.000000     0.000000     0.000000     0.000000     0.000000
     0.000000     0.000000     0.000000     0.000000     0.000000     0.000000
     0.000000     0.000000     0.000000     0.000000     0.000000     0.000000
     0.000000     0.000000     0.000000     0.000000     0.000000     0.000000
     0.000000     0.000000     0.000000     0.000000     0.000000     0.000000
     0.000000     0.000000     0.000000     0.000000     0.000000     0.000000
     0.000000     0.000000     0.000000     0.000000     0.000000     0.000000
