     0.000000     0.000000     0.000000     0.000000     0.000000     0.000000
     0.000000     0.000000     0.000000     0.000000     0.000000     0.000000
     0.000000     0.000000     0.000000     0.000000     0.000000     0.000000
     0.000000     0.000000     0.000000     0.000000     0.000000     0.000000
     0.000000     0.000000     0.000000     0.000000     0.000000     0.000000
     0.000000     0.000000     0.000000     0.000000     0.000000     0.000000
     0.000000     0.000000     0.000000     0.000000     0.000000     0.000000
     0.000000     0.000000     0.000000     0.000000     0.000000     0.000000
     0.000000     0.000000     0.000000     0.000000     0.000000     0.000000
     0.000000     0.000000     0.000000     0.000000     0.000000     0.000000
     0.000000     0.000000     0.000000     0.000000     0.000000     0.000000
     0.000000     0.000000     0.000000     0.000000     0.000000     0.000000
     0.000000     0.000000     0.000000     0.000000     0.000000     0.000000
     0.000000     0.000000     0.000000     0.000000     0.000000     0.000000
     0.000000     0.000000     0.000000     0.000000     0.000000     0.000000
     0.000000     0.000000     0.000000     0.000000     0.000000     0.000000
     0.000000     0.000000     0.000000     0.000000     0.000000     0.000000
     0.000000     0.000000     0.000000     0.000000     0.000000     0.000000
     0.000000     0.000000     0.000000     0.000000     0.000000     0.000000
     0.000000     0.000000     0.000000     0.000000     0.000000     0.000000
     0.000000     0.000000     0.000000     0.000000     0.000000     0.000000
     0.000000     0.000000     0.000000     0.000000     0.000000     0.000000
     0.000000     0.000000     0.000000     0.000000     0.000000     0.000000
     0.000000     0.000000     0.000000     0.000000     0.000000     0.000000
     0.000000     0.000000     0.000000     0.000000     0.000000     0.000000
     0.000000     0.000000     0.000000     0.000000     0.000000     0.000000
     0.000000     0.000000     0.000000     0.000000     0.000000     0.000000
     0.000000     0.000000     0.000000     0.000000     0.000000     0.000000
     0.000000     0.000000     0.000000     0.000000     0.000000     0.000000
     0.000000     0.000000     0.000000     0.000000     0.000000     0.000000
     0.000000     0.000000     0.000000     0.000000     0.000000     0.000000
     0.000000     0.000000     0.000000     0.000000     0.000000     0.000000
     0.000000     0.000000     0.000000     0.000000     0.000000     0.000000
     0.000000     0.000000     0.000000     0.000000     0.000000     0.000000
     0.000000     0.000000     0.000000     0.000000     0.000000     0.000000
     0.000000     0.000000     0.000000     0.000000     0.000000     0.000000
     0.000000     0.000000     0.000000     0.000000     0.000000     0.000000
     0.000000     0.000000     0.000000     0.000000     0.000000     0.000000
     0.000000     0.000000     0.000000     0.000000     0.000000     0.000000
     0.000000     0.000000     0.000000     0.000000     0.000000     0.000000
     0.000000     0.000000     0.000000     0.000000     0.000000     0.000000
     0.000000     0.000000     0.000000     0.000000     0.000000     0.000000
     0.000000     0.000000     0.000000     0.000000     0.000000     0.000000
     0.000000     0.000000     0.000000     0.000000     0.000000     0.000000
     0.000000     0.000000     0.000000     0.000000     0.000000     0.000000
     0.000000     0.000000     0.000000     0.000000     0.000000     0.000000
     0.000000     0.000000     0.000000     0.000000     0.000000     0.000000
     0.000000     0.000000     0.000000     0.000000     0.000000     0.000000
     0.000000     0.000000     0.000000     0.000000     0.000000     0.000000
     0.000000     0.000000     0.000000     0.000000     0.000000     0.000000
     0.000000     0.000000     0.000000     0.000000     0.000000     0.000000
     0.000000     0.000000     0.000000     0.000000     0.000000     0.000000
     0.000000     0.000000     0.000000     0.000000     0.000000     0.000000
     0.000000     0.000000     0.000000     0.000000     0.000000     0.000000
     0.000000     0.000000     0.000000     0.000000     0.000000     0.000000
     0.000000     0.000000     0.000000     0.000000     0.000000     0.000000
     0.000000     0.000000     0.000000     0.000000     0.000000     0.000000
     0.000000     0.000000     0.000000     0.000000     0.000000     0.000000
     0.000000     0.000000     0.000000     0.000000     0.000000     0.000000
     0.000000     0.000000     0.000000     0.000000     0.000000     0.000000
     0.000000     0.000000     0.000000     0.000000     0.000000     0.000000
     0.000000     0.000000     0.000000     0.000000     0.000000     0.000000
     0.000000     0.000000     0.000000     0.000000     0.000000     0.000000
     0.000000     0.000000     0.000000     0.000000     0.000000     0.000000
     0.000000     0.000000     0.000000     0.000000     0.000000     0.000000
     0.000000     0.000000     0.000000     0.000000     0.000000     0.000000
     0.000000     0.000000     0.000000     0.000000     0.000000     0.000000
     0.000000     0.000000     0.000000     0.000000     0.000000     0.000000
     0.000000     0.000000     0.000000     0.000000     0.000000     0.000000
     0.000000     0.000000     0.000000     0.000000     0.000000     0.000000
     0.000000     0.000000     0.000000     0.000000     0.000000     0.000000
     0.000000     0.000000     0.000000     0.000000     0.000000     0.000000
     0.000000     0.000000     0.000000     0.000000     0.000000     0.000000
     0.000000     0.000000     0.000000     0.000000     0.000000     0.000000
     0.000000     0.000000     0.000000     0.000000     0.000000     0.000000
     0.000000     0.000000     0.000000 5.466532e+06 9.278608e+06      68271.0
     0.000000     0.000000     0.000000     0.000000     0.000000     0.000000
     0.000000     0.000000     0.000000     0.000000     0.000000     0.000000
     0.000000     0.000000     0.000000     0.000000     0.000000     0.000000
     0.000000     0.000000     0.000000     0.000000     0.000000     0.000000
     0.000000     0.000000     0.000000     0.000000     0.000000     0.000000
     0.000000     0.000000     0.000000     0.000000     0.000000     0.000000
     0.000000     0.000000     0.000000     0.000000     0.000000     0.000000
     0.000000     0.000000     0.000000     0.000000     0.000000     0.000000
     0.000000     0.000000     0.000000     0.000000     0.000000     0.000000
     0.000000     0.000000     0.000000     0.000000     0.000000     0.000000
     0.000000     0.000000     0.000000     0.000000     0.000000     0.000000
     0.000000     0.000000 4.319095e+07 2.703297e+08 6.796554e+07      50363.5
 1.054690e+07     0.000000     0.000000     0.000000     0.000000     0.000000
     0.000000     0.000000     0.000000     0.000000     0.000000     0.000000
     0.000000     0.000000     0.000000     0.000000     0.000000     0.000000
     0.000000     0.000000     0.000000     0.000000     0.000000     0.000000
     0.000000      709635.      354818.     0.000000     0.000000     0.000000
     0.000000     0.000000     0.000000     0.000000     0.000000     0.000000
     0.000000     0.000000     0.000000     0.000000     0.000000     0.000000
     0.000000     0.000000     0.000000     0.000000     0.000000     0.000000
     0.000000     0.000000     0.000000     0.000000     0.000000     0.000000
     0.000000     0.000000     0.000000     0.000000     0.000000     0.000000
     0.000000     0.000000     0.000000     0.000000     0.000000     0.000000
     0.000000     0.000000 6.442768e+07 2.776757e+08 1.816831e+07 1.392881e-06
 2.894201e+06     0.000000     0.000000     0.000000     0.000000     0.000000
     0.000000     0.000000     0.000000     0.000000     0.000000     0.000000
     0.000000     0.000000     0.000000     0.000000     0.000000     0.000000
     0.000000     0.000000     0.000000     0.000000     0.000000     0.000000
     0.000000      512817.      473874.     0.000000     0.000000     0.000000
     0.000000     0.000000     0.000000     0.000000     0.000000     0.000000
     0.000000     0.000000     0.000000     0.000000     0.000000     0.000000
     0.000000     0.000000 2.110706e+06 1.263019e+08 7.399677e+07     0.000000
     0.000000     0.000000     0.000000     0.000000     0.000000     0.000000
     0.000000     0.000000     0.000000     0.000000     0.000000     0.000000
     0.000000     0.000000     0.000000     0.000000     0.000000     0.000000
     0.000000     0.000000 4.780677e+07 2.078790e+08 1.574677e+07 1.200734e+07
     0.000000     0.000000     0.000000     0.000000     0.000000     0.000000
     0.000000     0.000000     0.000000     0.000000     0.000000     0.000000
     0.000000     0.000000     0.000000     0.000000     0.000000     0.000000
     0.000000     0.000000     0.000000     0.000000     0.000000     0.000000
     0.000000     0.000000     0.000000     0.000000     0.000000     0.000000
     0.000000     0.000000     0.000000     0.000000     0.000000     0.000000
     0.000000     0.000000     0.000000     0.000000 1.417781e+07 9.683507e+07
     0.000000     0.000000      721698. 6.160556e+07 2.399383e+08 9.597293e+07
     0.000000     0.000000     0.000000     0.000000     0.000000     0.000000
     0.000000     0.000000     0.000000     0.000000     0.000000     0.000000
     0.000000     0.000000     0.000000     0.000000     0.000000     0.000000
     0.000000     0.000000 1.370057e+07 6.606361e+08 1.457835e+08 1.353411e+09
 9.732566e+08 9.217614e+06     0.000000     0.000000     0.000000     0.000000
     0.000000     0.000000     0.000000     0.000000     0.000000     0.000000
     0.000000     0.000000     0.000000 1.445495e+07 7.227477e+06     0.000000
     0.000000     0.000000     0.000000     0.000000     0.000000     0.000000
     0.000000     0.000000     0.000000     0.000000     0.000000     0.000000
     0.000000     0.000000     0.000000     0.000000      219439.      818703.
     0.000000     0.000000     0.000000 2.484625e+08 1.885497e+09 7.585901e+08
 1.594928e+06     0.000000     0.000000     0.000000 1.186880e+08 3.227343e+08
     0.000000     0.000000     0.000000     0.000000     0.000000     0.000000
     0.000000     0.000000     0.000000     0.000000     0.000000     0.000000
     0.000000     0.000000     0.000000     0.000000     0.000000     0.000000
     0.000000     0.000000     0.000000 1.682578e+08 2.088699e+08 1.498363e+09
 2.008232e+09 7.731817e+08 1.885499e-05     0.000000     0.000000     0.000000
     0.000000     0.000000     0.000000     0.000000     0.000000     0.000000
     0.000000     0.000000     0.000000 3.200671e+08 1.185514e+08 6.643663e+08
 7.278916e+07 5.799887e-08     0.000000     0.000000     0.000000     0.000000
     0.000000     0.000000     0.000000     0.000000     0.000000     0.000000
     0.000000     0.000000     0.000000     0.000000 9.694558e+07 1.409442e+09
 1.534872e+08     0.000000 1.483817e+08 1.025535e+09 4.249931e+08 2.531809e+09
 4.779580e+08 1.961175e-06     0.000000     0.000000 5.522806e+06 4.049797e+06
     0.000000     0.000000     0.000000     0.000000     0.000000     0.000000
     0.000000     0.000000     0.000000     0.000000     0.000000     0.000000
     0.000000     0.000000     0.000000     0.000000     0.000000     0.000000
     0.000000     0.000000     0.000000 6.955179e+07 3.050196e+08 5.592780e+08
 7.522947e+08 4.157295e+09 4.691481e+08      645104.     0.000000     0.000000
     0.000000     0.000000     0.000000     0.000000     0.000000     0.000000
     0.000000     0.000000     0.000000 9.607067e+07 1.070640e+09 1.764870e+09
 7.570058e+08 1.423419e+07 1.362538e+07 3.045226e+07     0.000000     0.000000
     0.000000     0.000000     0.000000     0.000000     0.000000     0.000000
     0.000000     0.000000     0.000000     0.000000 1.287490e+08 4.882964e+08
 3.220089e+08 1.752691e+08 5.321803e+08 6.581041e+08 1.198801e+09 9.550969e+08
 1.511707e+09 3.744478e+07     0.000000     0.000000     0.000000     0.000000
     0.000000     0.000000     0.000000     0.000000     0.000000     0.000000
     0.000000     0.000000     0.000000     0.000000     0.000000     0.000000
     0.000000     0.000000     0.000000     0.000000     0.000000     0.000000
     0.000000     0.000000     0.000000 4.499701e+07 4.320625e+08 3.429827e+08
 1.464096e+09 2.574145e+09 6.503909e+08 1.485193e+08 3.883390e+07     0.000000
     0.000000     0.000000     0.000000     0.000000     0.000000     0.000000
     0.000000     0.000000 3.235381e+07 8.031571e+08 2.096732e+09 2.767652e+09
 1.700668e+09 2.996790e+08 4.468023e+08 8.091907e+08 2.355516e+06     0.000000
     0.000000     0.000000     0.000000     0.000000     0.000000     0.000000
     0.000000     0.000000     0.000000     0.000000 5.569139e+07 7.816973e+08
 2.273377e+08 3.564295e+08 7.702214e+08 1.143203e+09 1.603561e+09 1.408856e+09
 2.056652e+08     0.000000 1.733292e+07 5.199876e+07     0.000000     0.000000
     0.000000     0.000000     0.000000     0.000000     0.000000     0.000000
     0.000000     0.000000     0.000000     0.000000     0.000000     0.000000
     0.000000     0.000000     0.000000     0.000000     0.000000     0.000000
     0.000000     0.000000 6.070962e+06 2.562337e+08 5.250305e+08 6.402643e+08
 2.453698e+09 1.826529e+09 1.144435e+09 9.339852e+08 7.523640e+08     0.000000
     0.000000     0.000000     0.000000     0.000000     0.000000     0.000000
     0.000000     0.000000 4.364116e+08 1.709411e+09 3.047282e+09 2.666521e+09
 1.602494e+09 9.130293e+08 7.591523e+08 2.069039e+09 1.188818e+07     0.000000
     0.000000     0.000000     0.000000     0.000000     0.000000     0.000000
     0.000000     0.000000     0.000000     0.000000     0.000000 3.420029e+07
 6.728639e+08 2.238771e+09 1.243206e+09 2.189393e+09 1.538753e+09 3.012492e+08
 5.614553e+06     0.000000     0.000000     0.000000     0.000000 1.727736e+07
     0.000000     0.000000     0.000000     0.000000     0.000000     0.000000
     0.000000     0.000000     0.000000     0.000000     0.000000     0.000000
     0.000000     0.000000     0.000000     0.000000     0.000000     0.000000
     0.000000 1.901594e+06 3.375525e+08 8.710654e+08 1.093944e+09 1.393002e+09
 2.602067e+09 2.396660e+09 1.821200e+09 5.583298e+08 1.791165e+09 7.106972e+06
     0.000000     0.000000     0.000000     0.000000     0.000000     0.000000
     0.000000     0.000000 4.386193e+08 1.362122e+09 1.727253e+09 1.135452e+09
 1.156680e+09 9.489582e+08 5.299015e+08 3.800808e+08 1.576989e+07     0.000000
     0.000000     0.000000     0.000000     0.000000     0.000000     0.000000
     0.000000     0.000000     0.000000     0.000000 5.835141e+07 1.066097e+08
 3.457380e+07 2.830835e+08 1.594924e+09 2.278631e+08 5.665601e+08 2.196628e+07
 2.726624e+06     0.000000     0.000000     0.000000     0.000000     0.000000
     0.000000     0.000000     0.000000     0.000000     0.000000     0.000000
     0.000000     0.000000     0.000000     0.000000     0.000000     0.000000
     0.000000     0.000000     0.000000     0.000000     0.000000     0.000000
     0.000000 2.862416e+07 7.133608e+08 1.116295e+09 1.224656e+09 9.298509e+08
 7.247735e+08 1.262486e+09 1.925802e+09 1.303341e+09 3.431394e+08 2.945789e+07
     0.000000     0.000000     0.000000     0.000000     0.000000     0.000000
     0.000000      581347. 6.333977e+08 1.775241e+09 1.971996e+09 1.385983e+09
 7.613476e+08 9.827124e+08 1.445286e+08     0.000000     0.000000     0.000000
     0.000000     0.000000     0.000000     0.000000     0.000000     0.000000
     0.000000     0.000000 4.692491e+07 1.743430e+09 1.403507e+09 5.018584e+08
 8.337070e+07 3.716606e+07 4.680142e+07 1.789148e+08 4.108858e+08 2.150270e+08
 1.470811e+08 3.219182e+07     0.000000     0.000000     0.000000     0.000000
     0.000000     0.000000     0.000000     0.000000     0.000000     0.000000
     0.000000     0.000000     0.000000     0.000000     0.000000     0.000000
     0.000000     0.000000     0.000000     0.000000     0.000000     0.000000
     0.000000 6.911773e+08 1.256182e+09 1.797450e+09 1.479748e+09 1.804671e+09
 1.159294e+09 8.806532e+08 9.217601e+08 8.486023e+08 6.523126e+07 5.015114e+06
     0.000000     0.000000     0.000000     0.000000     0.000000     0.000000
     0.000000 1.069245e+08 1.309352e+09 2.258916e+09 2.076823e+09 1.770956e+09
 1.011766e+09 8.068065e+08 4.244166e+08 1.157999e+07     0.000000     0.000000
     0.000000     0.000000     0.000000     0.000000     0.000000     0.000000
     0.000000 4.100938e+07 3.764013e+08 1.791163e+08 5.121565e+08 4.165165e+08
 1.372412e+08 5.478554e+07 1.779225e+08 3.794479e+08 1.838068e+08 8.346816e+07
 1.354049e+08 1.053849e-04     0.000000     0.000000     0.000000     0.000000
     0.000000     0.000000     0.000000     0.000000     0.000000     0.000000
     0.000000     0.000000     0.000000     0.000000     0.000000     0.000000
     0.000000     0.000000     0.000000     0.000000     0.000000     0.000000
     0.000000 1.259051e+08 1.180956e+09 1.432679e+09 1.383165e+09 1.362249e+09
 1.767844e+09 9.596356e+08 2.748950e+08      814844.     0.000000     0.000000
     0.000000     0.000000     0.000000 1.453491e+07 1.086765e+08 9.480677e+07
 1.150741e+07 4.284139e+08 1.468403e+09 3.037305e+09 2.336261e+09 1.925924e+09
 1.800114e+09 1.263563e+09 9.266645e+08 4.039115e+08 7.886740e+06     0.000000
     0.000000     0.000000     0.000000     0.000000     0.000000     0.000000
     0.000000 2.264008e+08 4.141036e+08 9.676867e+07 1.274644e+09 3.181568e+08
 5.642811e+07 3.290400e+07 1.746223e+07     0.000000     0.000000     0.000000
     0.000000     0.000000     0.000000     0.000000     0.000000     0.000000
     0.000000     0.000000     0.000000     0.000000     0.000000     0.000000
     0.000000     0.000000     0.000000     0.000000     0.000000     0.000000
     0.000000     0.000000     0.000000     0.000000     0.000000     0.000000
 4.270799e+07 4.276026e+08 1.111946e+09 1.460236e+09 1.203041e+09 8.674011e+08
 2.836285e+08 1.077528e+08     0.000000     0.000000     0.000000     0.000000
     0.000000     0.000000 9.177802e+06 1.042639e+09 1.480230e+09 1.462521e+09
 2.048508e+09 2.235585e+09 2.089145e+09 2.502675e+09 2.037462e+09 1.489612e+09
 1.733952e+09 9.015470e+08 8.617055e+08 1.062519e+09 1.713737e+08     0.000000
     0.000000     0.000000     0.000000 8.586724e+08 4.492079e+08     0.000000
     0.000000 3.483230e+08 2.316880e+08 4.150814e+07 1.433466e+07 8.926635e+07
 3.496966e+08 4.986501e+08     0.000000     0.000000     0.000000     0.000000
     0.000000     0.000000     0.000000     0.000000     0.000000     0.000000
     0.000000     0.000000     0.000000     0.000000     0.000000     0.000000
     0.000000     0.000000     0.000000     0.000000     0.000000     0.000000
     0.000000     0.000000     0.000000     0.000000 1.094320e-05 1.961336e+08
 1.070209e+09 4.755026e+08 9.103687e+07 2.502271e+08 1.757986e+08 1.369076e+08
 1.138609e+07     0.000000     0.000000     0.000000     0.000000     0.000000
     0.000000     0.000000 4.927559e+08 1.534497e+09 9.498136e+08 1.133723e+09
 1.522030e+09 1.748722e+09 1.496825e+09 1.043764e+09 1.041745e+09 9.912063e+08
 9.765596e+08 7.554584e+08 3.971132e+08 2.172494e+08 1.164653e+08     0.000000
     0.000000     0.000000 1.098741e+08 1.715512e+09 3.430151e+08     0.000000
     0.000000 3.389044e+08 4.725057e+08 3.510146e+08      500707. 5.996189e-05
 4.853005e+08 5.807153e+06     0.000000     0.000000     0.000000     0.000000
     0.000000     0.000000     0.000000     0.000000     0.000000     0.000000
     0.000000     0.000000     0.000000     0.000000 1.620182e+07 2.431744e+07
     0.000000     0.000000     0.000000     0.000000     0.000000     0.000000
     0.000000     0.000000 1.439741e+07 6.905156e+08 8.617570e+08 1.204317e+09
 9.415735e+08 8.738630e+07 4.295373e+07 3.089904e+08 1.673014e+08 3.240326e+06
     0.000000     0.000000     0.000000     0.000000     0.000000     0.000000
     0.000000     0.000000 1.805464e+08 4.879881e+08 1.387120e+08 5.064743e+08
 3.739179e+08 3.454979e+08 2.698797e+08 2.734666e+08 2.671340e+08 8.491864e+07
 1.098367e+08 2.555596e+08 2.986806e+08 5.106130e-05     0.000000     0.000000
     0.000000     0.000000 2.562280e+08 8.812557e+08 3.543610e+08 1.268440e+07
 2.296740e+08 9.079783e+08 5.293054e+08 4.110472e+08 4.224042e+07 6.311382e-05
 3.760029e+08     0.000000     0.000000     0.000000     0.000000     0.000000
     0.000000     0.000000     0.000000     0.000000     0.000000     0.000000
     0.000000     0.000000     0.000000     0.000000 3.210233e+06 4.818232e+06
     0.000000     0.000000     0.000000     0.000000     0.000000     0.000000
     0.000000 7.451989e+06 1.613069e+08 7.646902e+08 3.835182e+08 2.812397e+08
 4.358109e+08 5.366817e+07 1.445789e+07 6.122234e+07 3.314865e+07      642017.
     0.000000     0.000000     0.000000     0.000000     0.000000     0.000000
     0.000000     0.000000 1.200609e+07 4.712496e+07     0.000000 4.189405e-05
 1.124624e+08 5.321916e+07     0.000000 3.861292e-05 4.352892e-05 2.406776e+06
 9.325136e+06 2.670000e+07 6.183129e+07     0.000000     0.000000     0.000000
 7.075478e+06 1.667664e+08 9.208666e+08 2.363560e+08 2.247596e+08 2.574675e+08
 5.593096e+08 9.332627e+08 1.250119e+09 6.580264e+08 3.416805e+08 8.188198e+07
 5.744644e+07     0.000000     0.000000     0.000000     0.000000     0.000000
     0.000000     0.000000     0.000000     0.000000     0.000000     0.000000
     0.000000     0.000000     0.000000     0.000000     0.000000     0.000000
     0.000000     0.000000     0.000000     0.000000     0.000000     0.000000
 1.258082e-06 1.837217e+07 2.504573e+08 1.840879e+08 5.722006e+08 9.482358e+07
      97468.5 2.799796e+08 1.243855e+07     0.000000     0.000000     0.000000
     0.000000     0.000000     0.000000     0.000000     0.000000     0.000000
     0.000000     0.000000 1.542287e+07 2.506368e+08 1.862941e+08 4.789582e-06
      614902. 4.505617e+06 3.752027e-06 1.905801e-06 1.764493e-05 3.642896e-06
 3.434109e+07 1.080556e+08      230501. 2.961380e+07 2.210288e+08 3.190242e+08
 3.606919e+08 1.755299e+08 1.301364e+08 1.312740e+08 9.947745e+07 1.086806e+08
 3.236343e+08 1.667524e+08 9.090276e+07 5.239158e+07 9.820791e+07 2.995261e+07
 1.347886e+07 1.887168e-07 2.351940e-07     0.000000     0.000000     0.000000
     0.000000     0.000000     0.000000     0.000000     0.000000     0.000000
     0.000000     0.000000     0.000000     0.000000     0.000000     0.000000
     0.000000     0.000000     0.000000     0.000000     0.000000 1.981265e+06
 9.084206e+06 7.260430e+07 1.834824e+08 2.664149e+08 3.132156e+08 1.216828e+08
 1.486562e+08 1.420056e+08 4.386896e+07      415091.     0.000000     0.000000
     0.000000     0.000000     0.000000     0.000000     0.000000     0.000000
     0.000000     0.000000     0.000000 4.132842e+07 2.439742e+08 1.604562e+08
 1.138900e+08 5.105407e+07 9.017143e+07 1.264539e+07 1.914497e+08 2.616479e+07
 1.327234e+08 1.776556e+08 2.069969e+08 2.172993e+08 3.741044e+08 2.470272e+08
 2.596189e+08 8.407647e+07 2.037460e+07 2.656207e+07 4.240966e+06     0.000000
     0.000000     0.000000      458526.      365955. 2.168099e+06 8.141189e+06
 2.522179e+07 3.657188e+06 9.613817e+06 8.598148e+06      371109.     0.000000
     0.000000     0.000000     0.000000     0.000000     0.000000     0.000000
     0.000000     0.000000     0.000000     0.000000     0.000000     0.000000
     0.000000     0.000000     0.000000     0.000000      426028. 7.665393e+07
 1.733426e+07 4.655286e+07 2.835979e+07 1.478245e+08 1.914103e+08 1.342968e+08
 1.025159e+08 7.491290e+07 1.134126e+08 1.139786e+07      215047.     0.000000
     0.000000     0.000000     0.000000     0.000000     0.000000     0.000000
     0.000000     0.000000     0.000000     0.000000 1.590780e+08 2.080379e+08
 1.918073e+08 1.593483e+08 7.299934e+07 3.006170e+07 6.346905e+07 8.082597e+07
 1.266511e+08 1.224421e+08 1.072909e+08 7.046546e+07 7.857454e+07 1.028026e+08
 7.723121e+07 6.406453e+07 1.828874e+07 1.094575e+06      624022.      71206.9
      32508.3     0.000000     0.000000     0.000000      71496.6 7.716936e+06
 7.961157e+06 5.078405e+06 3.281460e+06 1.958360e+07 7.450985e+06     0.000000
     0.000000     0.000000     0.000000     0.000000     0.000000     0.000000
     0.000000     0.000000     0.000000     0.000000     0.000000     0.000000
     0.000000     0.000000     0.000000     0.000000 2.387964e+06 5.088705e+07
 1.040490e+08 5.461334e+07 4.642601e+07 7.743563e+07 1.085626e+08 8.312930e+07
 5.276648e+07 3.177537e+07 6.874168e+07 3.404117e+07 4.748599e+06      870890.
      174794.     0.000000     0.000000     0.000000     0.000000     0.000000
     0.000000     0.000000     0.000000     0.000000 8.252822e+07 1.155649e+08
 6.149655e+07 4.366872e+07 5.491544e+07 5.830583e+07 5.779426e+07 8.507370e+07
 3.935824e+07 4.231124e+07 7.204584e+07 1.036009e+08 1.363613e+07 3.587354e+07
 7.335742e+06 6.433246e+06 2.336061e+07 5.900957e+06 5.922130e+06 1.435380e+06
     0.000000     0.000000     0.000000     0.000000     0.000000     0.000000
 4.960654e+06      576136.      309837.      798067. 3.284745e+06      600345.
     0.000000     0.000000     0.000000     0.000000     0.000000     0.000000
     0.000000     0.000000     0.000000     0.000000     0.000000     0.000000
     0.000000     0.000000     0.000000      65509.0 3.359321e+06 4.073549e+07
 6.532066e+07 5.117609e+07 8.674358e+07 6.329576e+07 4.490986e+07 1.409683e+07
 5.427425e+06 5.502675e+06 6.705989e+06 6.581442e+06 7.144755e+06 4.913034e+06
 1.206865e+07 4.566868e+06     0.000000     0.000000     0.000000     0.000000
     0.000000     0.000000     0.000000      251130. 8.518513e+06 4.946786e+07
 6.505549e+07 4.139695e+07 2.978973e+07 3.970136e+07 2.824551e+07 3.378368e+07
 5.706081e+07 8.648980e+07 1.424107e+08 9.003953e+07 4.630182e+07 1.167125e+08
 4.310578e+07 6.877744e+07 5.033398e+07 2.437134e+07 1.285063e+07 1.600533e+06
      185071.      49785.5      4301.19     0.000000     0.000000     0.000000
     0.000000     0.000000      2263.07      58320.7      319063.      32616.6
     0.000000     0.000000     0.000000     0.000000     0.000000     0.000000
     0.000000     0.000000      124172. 2.020254e+06 2.302132e+06     0.000000
     0.000000     0.000000      223656. 2.797768e+06 1.488237e+07 2.025645e+07
 1.470763e+07 1.686908e+07 2.017023e+07 9.368817e+06 3.506741e+06 1.728127e+06
 2.011339e+06 1.618589e+06 1.998143e+06 2.345577e+06 2.976121e+06 3.604849e+06
 6.110749e+06      781583.     0.000000     0.000000     0.000000     0.000000
     0.000000     0.000000     0.000000 8.236103e+06 2.567549e+07 3.594918e+07
 2.400316e+07 3.097064e+07 1.886562e+07 1.520652e+07 9.164156e+06 7.748902e+06
 1.528521e+07 2.771909e+07 3.515162e+07 5.258279e+07 4.316292e+07 3.657505e+07
 4.118828e+07 3.594041e+07 4.504651e+07 2.755444e+07 1.118087e+07 3.790460e+06
 1.092134e+06      232810.      30575.4      2635.00     0.000000     0.000000
     0.000000     0.000000     0.000000     0.000000      41393.7      20696.8
      62081.8      437870.      118095.     0.000000     0.000000     0.000000
     0.000000     0.000000      450263. 4.539148e+06 1.248485e+07 6.948314e+06
 1.975996e+06      603411.      907523. 7.589488e+06 7.686560e+06 3.598752e+06
 4.539867e+06 1.641662e+06 1.223926e+06      656503.      506077.      550023.
      805808.      165991.      523787. 1.281560e+06 2.280059e+06 1.097212e+06
      401533.      59095.5      154864.      67591.2     0.000000     0.000000
     0.000000     0.000000     0.000000      737525. 1.561336e+07 1.252041e+07
      693360. 7.863873e+06 9.619089e+06 7.781053e+06 5.840783e+06 3.120024e+06
 3.400113e+06 1.387240e+06      913632.      955048. 2.377143e+06 3.264379e+06
 3.365837e+06 3.384293e+06 4.856368e+06 3.163094e+06 1.082431e+06      341895.
      335904.      96168.0      34095.3      3571.90     0.000000     0.000000
     0.000000     0.000000     0.000000     0.000000     0.000000      2536.85
      99568.3      521664.      513346.      271560.      101877.     0.000000
      83265.4      40372.4      917163. 3.872683e+06 4.259257e+06 3.656809e+06
 3.510206e+06 1.155082e+06 1.469892e+06 1.654945e+06      767507.      92117.7
      501764.      66181.2      463325.      144339.      24367.5      555.323
      40947.1      20536.3      654696.      676738.      781700.      413048.
      65121.2      217391.      235564.      64920.1     0.000000     0.000000
      61052.4 1.986367e+06 4.116213e+06 1.569531e+06      44280.7      338695.
      144055. 4.928518e+06 3.207300e+06 2.309793e+06 1.996544e+06      697595.
      192820.      12464.8      24754.8      52074.4      77574.8      51932.1
      52470.8      337858.      451141.      191444.      39039.2      1239.76
     0.000000     0.000000     0.000000     0.000000     0.000000     0.000000
     0.000000     0.000000     0.000000     0.000000     0.000000      2436.59
      98209.0      396443.      833337. 1.275812e+06      780497.      334223.
      40854.4      53899.1      76553.1      744442.      672803.      873158.
      603020.      115285.      69589.1      133245.      94846.2 2.317247e-09
      60366.2      12113.4     0.000000     0.000000     0.000000     0.000000
     0.000000     0.000000     0.000000      454.019      50706.3      22870.5
      174721.      410377.      27237.1      622.308     0.000000     0.000000
      113580. 1.229217e+06 1.760440e+06 1.068779e+06     0.000000     0.000000
     0.000000      223676. 3.765036e+06 7.330107e+06 1.515478e+06      467887.
      75412.4      340467.      168600.      235.789      1526.29      868.618
     0.000000     0.000000     0.000000     0.000000     0.000000     0.000000
     0.000000     0.000000     0.000000     0.000000     0.000000     0.000000
     0.000000     0.000000     0.000000     0.000000     0.000000     0.000000
     0.000000 7.460624e-09      102708.      407177.      206498.      66671.9
     0.000000     0.000000     0.000000      2561.56      8166.51      51737.2
      19911.5      1951.80     0.000000     0.000000     0.000000     0.000000
     0.000000     0.000000     0.000000     0.000000     0.000000     0.000000
     0.000000     0.000000     0.000000      212.667      1807.67      531.664
      6517.82      22160.5      2607.12     0.000000     0.000000      2137.40
      90125.2      799427.      692857.     0.000000     0.000000     0.000000
     0.000000     0.000000      155625.      881864.      432738.      563028.
      179323.      157949.      78974.3      7598.20      18995.5      3799.10
     0.000000     0.000000     0.000000     0.000000     0.000000     0.000000
     0.000000     0.000000     0.000000     0.000000     0.000000     0.000000
     0.000000     0.000000     0.000000     0.000000     0.000000     0.000000
      374.960      624.933     0.000000     0.000000     0.000000     0.000000
     0.000000     0.000000     0.000000     0.000000     0.000000     0.000000
     0.000000     0.000000     0.000000     0.000000     0.000000     0.000000
     0.000000     0.000000     0.000000     0.000000     0.000000     0.000000
     0.000000     0.000000     0.000000     0.000000     0.000000     0.000000
     0.000000     0.000000     0.000000     0.000000     0.000000      6.80965
      15524.4      239118.      587211.      473193.     0.000000     0.000000
     0.000000     0.000000      194632.      290241.      161767.      29451.4
     0.000000     0.000000     0.000000     0.000000     0.000000     0.000000
     0.000000     0.000000     0.000000     0.000000     0.000000     0.000000
     0.000000     0.000000     0.000000     0.000000     0.000000     0.000000
     0.000000     0.000000     0.000000     0.000000     0.000000     0.000000
     0.000000     0.000000     0.000000     0.000000     0.000000     0.000000
     0.000000     0.000000     0.000000     0.000000     0.000000     0.000000
     0.000000     0.000000     0.000000     0.000000     0.000000     0.000000
     0.000000     0.000000     0.000000     0.000000     0.000000     0.000000
     0.000000     0.000000     0.000000     0.000000     0.000000     0.000000
     0.000000     0.000000     0.000000     0.000000     0.000000     0.000000
 2.779514e-08 8.338588e-08 8.338588e-08 2.779514e-08     0.000000     0.000000
     0.000000     0.000000      5095.41      15286.4      15286.4      5095.41
     0.000000     0.000000     0.000000     0.000000     0.000000     0.000000
     0.000000     0.000000     0.000000     0.000000     0.000000     0.000000
     0.000000     0.000000     0.000000     0.000000     0.000000     0.000000
     0.000000     0.000000     0.000000     0.000000     0.000000     0.000000
     0.000000     0.000000     0.000000     0.000000     0.000000     0.000000
     0.000000     0.000000     0.000000     0.000000     0.000000     0.000000
     0.000000     0.000000     0.000000     0.000000     0.000000     0.000000
     0.000000     0.000000     0.000000     0.000000     0.000000     0.000000
     0.000000     0.000000     0.000000     0.000000     0.000000     0.000000
     0.000000     0.000000     0.000000     0.000000     0.000000     0.000000
     0.000000     0.000000     0.000000     0.000000     0.000000     0.000000
     0.000000     0.000000     0.000000     0.000000     0.000000     0.000000
     0.000000     0.000000     0.000000     0.000000     0.000000     0.000000
     0.000000     0.000000     0.000000     0.000000     0.000000     0.000000
     0.000000     0.000000     0.000000     0.000000     0.000000     0.000000
     0.000000     0.000000     0.000000     0.000000     0.000000     0.000000
     0.000000     0.000000     0.000000     0.000000     0.000000     0.000000
